L2a1:{1 -2} {2 -1}
L4a1:{1 -3 2 -4} {3 -1 4 -2}
L5a1:{1 -4 5 -3} {3 -1 2 -5 4 -2}
L6a1:{1 -5 2 -6} {5 -1 3 -4 6 -2 4 -3}
L6n1:{1 6 -5 -3} {-4 -1 2 5} {-6 4 3 -2}
L6a2:{1 -5 3 -4 2 -6} {5 -1 6 -3 4 -2}
L6a3:{1 -2 3 -6 4 -5} {5 -1 2 -3 6 -4}
L6a4:{1 -6 5 -3} {4 -1 2 -5} {6 -4 3 -2}
L6a5:{1 -5 2 -6} {5 -1 3 -4} {6 -2 4 -3}
L7a1:{1 -7 5 -3} {4 -1 2 -5 6 -4 7 -2 3 -6}
L7n1:{1 7 -5 -3} {-4 -1 2 5 -6 4 -7 -2 3 6}
L7a2:{1 -6 2 -7} {6 -1 4 -5 7 -2 3 -4 5 -3}
L7n2:{1 -7 -5 3} {-4 -1 2 5 -6 4 7 -2 -3 6}
L7a3:{1 -6 2 -7} {6 -1 3 -5 4 -2 7 -3 5 -4}
L7a4:{1 -6 2 -7} {6 -1 3 -5 4 -2 7 -4 5 -3}
L7a5:{1 -6 2 -5 3 -7} {6 -1 7 -2 4 -3 5 -4}
L7a6:{1 -5 2 -6 4 -7} {5 -1 3 -2 6 -4 7 -3}
L7a7:{1 -6 2 -7} {6 -1 5 -4} {7 -2 3 -5 4 -3}
L8a1:{1 -8 5 -3} {6 -1 2 -5 4 -6 7 -4 8 -2 3 -7}
L8n1:{1 8 -5 -3} {-6 -1 2 5 -4 6 -7 4 -8 -2 3 7}
L8a2:{1 -7 2 -8} {7 -1 3 -6 5 -2 8 -3 4 -5 6 -4}
L8n2:{1 -8 -5 3} {-6 -1 2 5 -4 6 -7 4 8 -2 -3 7}
L8a3:{1 -7 2 -8} {7 -1 3 -6 8 -2 4 -5 6 -3 5 -4}
L8n3:{1 4 -3 -8} {-2 -1 5 3 -6 7} {-7 2 -4 -5 8 6}
L8a4:{1 -7 2 -8} {7 -1 5 -6 3 -2 8 -3 4 -5 6 -4}
L8n4:{1 -4 -3 8} {-2 -1 5 3 -6 7} {-7 2 4 -5 -8 6}
L8a5:{1 -7 2 -8} {7 -1 3 -5 4 -6 8 -2 6 -3 5 -4}
L8n5:{1 -4 3 -8} {-2 -1 5 -3 -6 7} {-7 2 4 -5 8 6}
L8a6:{1 -7 2 -8} {7 -1 3 -6 4 -5 8 -2 5 -4 6 -3}
L8n6:{1 -7 2 -8} {-5 4 -6 3} {7 -1 -4 5 8 -2 -3 6}
L8a7:{1 -7 5 -3} {4 -1 2 -8 7 -4 6 -5 8 -2 3 -6}
L8n7:{1 -2 -4 5} {2 -1 -6 7} {-5 4 -3 8} {-7 6 -8 3}
L8a8:{1 -4 2 -7 6 -8} {4 -1 3 -2 5 -6 7 -5 8 -3}
L8n8:{1 -2 -4 5} {2 -1 -6 7} {-5 4 3 -8} {-7 6 8 -3}
L8a9:{1 -4 2 -5 6 -8} {4 -1 3 -2 7 -6 8 -7 5 -3}
L8a10:{1 -7 2 -5 4 -8} {7 -1 8 -2 6 -3 5 -4 3 -6}
L8a11:{1 -2 3 -8 4 -7} {7 -1 2 -3 5 -6 8 -4 6 -5}
L8a12:{1 -7 3 -5 4 -6 2 -8} {7 -1 8 -3 5 -4 6 -2}
L8a13:{1 -7 3 -6 5 -4 2 -8} {7 -1 8 -3 4 -5 6 -2}
L8a14:{1 -2 3 -7 4 -8 5 -6} {6 -1 2 -3 7 -4 8 -5}
L8a15:{1 -7 2 -8} {7 -1 3 -4} {8 -2 5 -6 4 -3 6 -5}
L8a16:{1 -4 3 -8} {2 -1 5 -3 6 -7} {7 -2 4 -5 8 -6}
L8a17:{1 -7 2 -8} {7 -1 5 -4 6 -3} {8 -2 3 -5 4 -6}
L8a18:{1 -7 2 -8} {7 -1 4 -3 5 -6} {6 -2 8 -4 3 -5}
L8a19:{1 -7 2 -8} {3 -1 5 -4 7 -6} {4 -2 6 -3 8 -5}
L8a20:{1 -7 2 -8} {5 -4 6 -3} {7 -1 4 -5 8 -2 3 -6}
L8a21:{1 -2 4 -5} {2 -1 6 -7} {5 -4 3 -8} {7 -6 8 -3}
L9a1:{1 -9 5 -3} {4 -1 2 -5 8 -4 6 -7 9 -2 3 -8 7 -6}
L9n1:{1 9 -5 -3} {-4 -1 2 5 -8 4 -6 7 -9 -2 3 8 -7 6}
L9a2:{1 -9 5 -3} {4 -1 2 -5 6 -8 7 -4 9 -2 3 -6 8 -7}
L9n2:{1 -9 -5 3} {-4 -1 2 5 -8 4 -6 7 9 -2 -3 8 -7 6}
L9a3:{1 -9 5 -3} {4 -1 2 -5 6 -7 8 -4 7 -6 9 -2 3 -8}
L9n3:{1 -9 5 -3} {-4 -1 2 -5 -8 4 -6 7 9 -2 3 8 -7 6}
L9a4:{1 -8 2 -9} {8 -1 3 -7 4 -2 9 -3 5 -6 7 -4 6 -5}
L9n4:{1 9 -5 -3} {-4 -1 2 5 -6 8 -7 4 -9 -2 3 6 -8 7}
L9a5:{1 -8 2 -9} {8 -1 3 -7 9 -2 5 -6 7 -3 4 -5 6 -4}
L9n5:{1 -9 -5 3} {-4 -1 2 5 -6 8 -7 4 9 -2 -3 6 -8 7}
L9a6:{1 -8 2 -9} {8 -1 4 -5 9 -2 3 -7 6 -4 5 -3 7 -6}
L9n6:{1 -9 5 -3} {-4 -1 2 -5 -6 8 -7 4 9 -2 3 6 -8 7}
L9a7:{1 -8 2 -9} {8 -1 4 -5 9 -2 6 -7 3 -4 5 -3 7 -6}
L9n7:{1 9 -5 -3} {-4 -1 2 5 -6 7 -8 4 -7 6 -9 -2 3 8}
L9a8:{1 -8 2 -9} {8 -1 3 -7 6 -2 9 -6 4 -5 7 -3 5 -4}
L9n8:{1 -9 5 -3} {-4 -1 2 -5 -6 7 -8 4 -7 6 9 -2 3 8}
L9a9:{1 -9 7 -5} {6 -1 2 -4 3 -7 8 -6 9 -2 4 -3 5 -8}
L9n9:{1 -8 2 -9} {8 -1 -3 7 9 -2 -5 6 -7 3 -4 5 -6 4}
L9a10:{1 -8 5 -3} {4 -1 2 -9 7 -5 6 -4 8 -7 9 -2 3 -6}
L9n10:{1 -8 2 -9} {8 -1 -3 7 9 -2 5 -6 -7 3 4 -5 6 -4}
L9a11:{1 -8 2 -9} {8 -1 3 -6 5 -7 9 -2 7 -3 4 -5 6 -4}
L9n11:{1 -8 2 -9} {8 -1 3 -7 9 -2 -5 6 7 -3 -4 5 -6 4}
L9a12:{1 -8 2 -9} {8 -1 4 -6 5 -7 9 -2 3 -4 6 -5 7 -3}
L9n12:{1 -8 2 -9} {8 -1 -4 5 9 -2 -3 7 -6 4 -5 3 -7 6}
L9a13:{1 -8 2 -9} {8 -1 4 -5 6 -7 9 -2 3 -4 7 -6 5 -3}
L9n13:{1 4 -3 9 -5 -6} {6 -1 -7 3 -2 5 -8 7 -4 2 -9 8}
L9a14:{1 -8 2 -9} {8 -1 3 -6 4 -7 5 -2 9 -3 6 -4 7 -5}
L9n14:{1 4 -3 9 -5 -6} {6 -1 7 3 -2 5 8 -7 -4 2 -9 -8}
L9a15:{1 -8 2 -9} {8 -1 3 -5 6 -7 4 -2 9 -3 7 -6 5 -4}
L9n15:{1 -4 -3 9 5 -6} {6 -1 -7 3 2 -5 -8 7 4 -2 -9 8}
L9a16:{1 -8 2 -9} {8 -1 6 -7 3 -4 9 -2 4 -3 5 -6 7 -5}
L9n16:{1 -4 -3 9 5 -6} {6 -1 7 3 -2 -5 8 -7 4 2 -9 -8}
L9a17:{1 -8 2 -9} {8 -1 3 -5 4 -7 6 -2 9 -6 7 -3 5 -4}
L9n17:{1 -2 3 -9 -8 6} {-4 -1 2 -3 7 8 -5 4 9 -7 -6 5}
L9a18:{1 -8 2 -9} {8 -1 3 -7 4 -6 5 -2 9 -5 6 -4 7 -3}
L9n18:{1 -2 3 -9 4 -8 -5 7} {8 -1 2 -3 -6 5 -7 6 9 -4}
L9a19:{1 -2 3 -6} {4 -1 8 -9 2 -4 5 -3 7 -8 9 -7 6 -5}
L9n19:{1 -9 -2 7 3 -4 -6 8} {4 -1 5 2 -7 6 -8 -5 9 -3}
L9a20:{1 -4 3 -9 5 -6} {6 -1 7 -3 2 -5 8 -7 4 -2 9 -8}
L9n20:{1 -8 -2 9} {8 -1 -3 4} {-9 2 -5 7 -4 3 -6 5 -7 6}
L9a21:{1 -2 3 -9 8 -6} {4 -1 2 -3 7 -8 5 -4 9 -7 6 -5}
L9n21:{1 -8 -2 9} {8 -1 -3 4} {-9 2 5 -7 -4 3 6 -5 7 -6}
L9a22:{1 -2 3 -6 5 -9} {7 -1 2 -3 4 -5 8 -7 9 -4 6 -8}
L9n22:{1 -8 2 -9} {8 -1 3 -4} {9 -2 -5 7 4 -3 -6 5 -7 6}
L9a23:{1 -8 2 -5 4 -9} {8 -1 9 -2 7 -6 5 -4 3 -7 6 -3}
L9n23:{1 4 -3 -9} {-2 -1 5 3 -7 8} {-6 2 -4 -5 9 6 -8 7}
L9a24:{1 -8 2 -7 3 -9} {8 -1 9 -2 4 -6 5 -3 7 -4 6 -5}
L9n24:{1 -4 -3 9} {-2 -1 5 3 -7 8} {-6 2 4 -5 -9 6 -8 7}
L9a25:{1 -8 2 -7 3 -9} {8 -1 9 -2 4 -6 5 -3 7 -5 6 -4}
L9n25:{1 -4 3 -9} {-2 -1 5 -3 -7 8} {-6 2 4 -5 9 6 -8 7}
L9a26:{1 -7 2 -8 4 -9} {7 -1 3 -2 8 -6 5 -4 9 -5 6 -3}
L9n26:{1 -8 2 -9} {-5 4 -6 3 -7 6} {8 -1 -4 5 9 -2 -3 7}
L9a27:{1 -4 2 -7 8 -6} {4 -1 3 -2 6 -9 5 -8 7 -5 9 -3}
L9n27:{1 -9 5 -3} {-8 6 -7 4} {-6 -1 2 -5 -4 8 9 -2 3 7}
L9a28:{1 -2 3 -9 4 -8} {8 -1 2 -3 6 -7 9 -4 5 -6 7 -5}
L9n28:{1 -9 5 -3} {8 6 -7 -4} {-6 -1 2 -5 4 -8 9 -2 3 7}
L9a29:{1 -2 3 -7 6 -4} {4 -1 2 -3 5 -9 8 -6 7 -5 9 -8}
L9a30:{1 -2 3 -7 6 -4} {4 -1 2 -3 8 -9 5 -6 7 -5 9 -8}
L9a31:{1 -9 5 -7 6 -3} {3 -1 2 -5 7 -8 4 -6 9 -2 8 -4}
L9a32:{1 -7 2 -8 6 -9} {7 -1 4 -5 8 -2 3 -4 9 -6 5 -3}
L9a33:{1 -7 2 -8 5 -9} {7 -1 3 -4 8 -2 4 -6 9 -5 6 -3}
L9a34:{1 -8 3 -6 2 -7 4 -9} {8 -1 9 -3 6 -2 5 -4 7 -5}
L9a35:{1 -8 2 -7 4 -6 3 -9} {8 -1 9 -2 5 -4 6 -3 7 -5}
L9a36:{1 -6 2 -7 4 -8 5 -9} {6 -1 3 -2 7 -4 8 -5 9 -3}
L9a37:{1 -4 2 -5 7 -8 6 -9} {4 -1 3 -2 9 -7 8 -6 5 -3}
L9a38:{1 -2 3 -4 5 -8 7 -9} {4 -1 2 -3 6 -5 8 -7 9 -6}
L9a39:{1 -2 3 -9 4 -5 6 -8} {5 -1 2 -3 9 -4 7 -6 8 -7}
L9a40:{1 -2 3 -9 7 -8 6 -4} {4 -1 2 -3 5 -6 8 -7 9 -5}
L9a41:{1 -2 3 -9 4 -8 5 -7} {8 -1 2 -3 6 -5 7 -6 9 -4}
L9a42:{1 -9 2 -7 3 -4 6 -8} {4 -1 5 -2 7 -6 8 -5 9 -3}
L9a43:{1 -8 2 -9} {8 -1 3 -4} {9 -2 5 -7 4 -3 6 -5 7 -6}
L9a44:{1 -8 2 -9} {8 -1 7 -6} {9 -2 4 -5 3 -7 6 -4 5 -3}
L9a45:{1 -8 2 -9} {8 -1 6 -5} {9 -2 3 -7 4 -6 5 -4 7 -3}
L9a46:{1 -4 3 -9} {2 -1 5 -3 7 -8} {6 -2 4 -5 9 -6 8 -7}
L9a47:{1 -8 2 -9} {8 -1 5 -6 7 -3} {9 -2 3 -5 4 -7 6 -4}
L9a48:{1 -8 2 -9} {8 -1 5 -4 6 -7} {9 -2 3 -5 4 -6 7 -3}
L9a49:{1 -8 2 -9} {8 -1 4 -7 3 -6} {9 -2 5 -4 6 -3 7 -5}
L9a50:{1 -8 2 -9} {8 -1 4 -6 7 -5} {5 -2 9 -4 3 -7 6 -3}
L9a51:{1 -8 2 -9} {6 -1 4 -3 8 -7} {3 -2 5 -6 7 -5 9 -4}
L9a52:{1 -8 2 -9} {5 -4 6 -3 7 -6} {8 -1 4 -5 9 -2 3 -7}
L9a53:{1 -9 5 -3} {8 -6 7 -4} {6 -1 2 -5 4 -8 9 -2 3 -7}
L9a54:{1 -8 2 -9} {6 -5 7 -4} {8 -1 3 -6 5 -2 9 -3 4 -7}
L9a55:{1 -2 4 -5} {2 -1 6 -7} {5 -4 3 -9} {7 -6 8 -3 9 -8}
L10a1:{1 -10 5 -3} {4 -1 2 -5 9 -4 6 -8 10 -2 3 -9 7 -6 8 -7}
L10n1:{1 10 -5 -3} {-4 -1 2 5 -9 4 -6 8 -10 -2 3 9 -7 6 -8 7}
L10a2:{1 -10 5 -3} {6 -1 2 -5 4 -6 8 -9 7 -4 10 -2 3 -8 9 -7}
L10n2:{1 -10 -5 3} {-4 -1 2 5 -9 4 -6 8 10 -2 -3 9 -7 6 -8 7}
L10a3:{1 -10 5 -3} {6 -1 2 -5 4 -6 7 -9 8 -4 10 -2 3 -8 9 -7}
L10n3:{1 -10 5 -3} {-4 -1 2 -5 -9 4 -6 8 10 -2 3 9 -7 6 -8 7}
L10a4:{1 -10 5 -3} {4 -1 2 -5 6 -9 8 -4 10 -2 3 -6 7 -8 9 -7}
L10n4:{1 10 -5 -3} {-6 -1 2 5 -4 6 -8 9 -7 4 -10 -2 3 8 -9 7}
L10a5:{1 -10 5 -3} {6 -1 2 -5 4 -9 8 -6 7 -4 9 -8 10 -2 3 -7}
L10n5:{1 -10 -5 3} {-6 -1 2 5 -4 6 -8 9 -7 4 10 -2 -3 8 -9 7}
L10a6:{1 -10 5 -3} {4 -1 2 -5 7 -8 9 -4 6 -7 8 -6 10 -2 3 -9}
L10n6:{1 -10 5 -3} {-6 -1 2 -5 -4 6 -8 9 -7 4 10 -2 3 8 -9 7}
L10a7:{1 -10 5 -3} {6 -1 2 -5 8 -9 4 -6 7 -4 9 -8 10 -2 3 -7}
L10n7:{1 10 -5 -3} {-6 -1 2 5 -4 6 -7 9 -8 4 -10 -2 3 8 -9 7}
L10a8:{1 -9 2 -10} {9 -1 3 -8 4 -2 10 -3 6 -7 8 -4 5 -6 7 -5}
L10n8:{1 -10 -5 3} {-6 -1 2 5 -4 6 -7 9 -8 4 10 -2 -3 8 -9 7}
L10a9:{1 -9 2 -10} {9 -1 3 -6 5 -2 10 -3 4 -8 7 -5 6 -4 8 -7}
L10n9:{1 -10 5 -3} {-6 -1 2 -5 -4 6 -7 9 -8 4 10 -2 3 8 -9 7}
L10a10:{1 -9 2 -10} {9 -1 3 -6 5 -2 10 -3 7 -8 4 -5 6 -4 8 -7}
L10n10:{1 10 -5 -3} {-4 -1 2 5 -6 9 -8 4 -10 -2 3 6 -7 8 -9 7}
L10a11:{1 -9 2 -10} {9 -1 4 -5 10 -2 3 -8 7 -4 5 -3 6 -7 8 -6}
L10n11:{1 -10 -5 3} {-4 -1 2 5 -6 9 -8 4 10 -2 -3 6 -7 8 -9 7}
L10a12:{1 -9 2 -10} {9 -1 3 -8 10 -2 4 -7 8 -3 5 -6 7 -4 6 -5}
L10n12:{1 -10 5 -3} {-4 -1 2 -5 -6 9 -8 4 10 -2 3 6 -7 8 -9 7}
L10a13:{1 -9 2 -10} {9 -1 4 -5 10 -2 7 -8 3 -4 5 -3 6 -7 8 -6}
L10n13:{1 10 -5 -3} {-6 -1 2 5 -4 9 -8 6 -7 4 -9 8 -10 -2 3 7}
L10a14:{1 -9 2 -10} {9 -1 3 -6 5 -2 10 -8 7 -3 4 -5 8 -7 6 -4}
L10n14:{1 -10 5 -3} {-6 -1 2 -5 -4 9 -8 6 -7 4 -9 8 10 -2 3 7}
L10a15:{1 -9 2 -10} {9 -1 3 -8 10 -2 4 -6 5 -7 8 -3 7 -4 6 -5}
L10n15:{1 -10 5 -3} {-6 -1 2 -5 4 -9 8 6 -7 -4 9 -8 10 -2 3 7}
L10a16:{1 -9 2 -10} {9 -1 3 -8 10 -2 4 -7 5 -6 8 -3 6 -5 7 -4}
L10n16:{1 -10 5 -3} {6 -1 2 -5 -4 9 -8 -6 7 4 -9 8 10 -2 3 -7}
L10a17:{1 -9 2 -10} {9 -1 3 -8 7 -2 10 -7 5 -6 8 -3 4 -5 6 -4}
L10n17:{1 10 -5 -3} {-4 -1 2 5 -7 8 -9 4 -6 7 -8 6 -10 -2 3 9}
L10a18:{1 -9 2 -10} {9 -1 5 -6 3 -2 10 -3 4 -8 7 -5 6 -4 8 -7}
L10n18:{1 -10 5 -3} {-4 -1 2 -5 -7 8 -9 4 -6 7 -8 6 10 -2 3 9}
L10a19:{1 -9 2 -10} {9 -1 5 -6 3 -2 10 -3 7 -8 4 -5 6 -4 8 -7}
L10n19:{1 10 -5 -3} {-6 -1 2 5 -8 9 -4 6 -7 4 -9 8 -10 -2 3 7}
L10a20:{1 -9 2 -10} {9 -1 4 -8 6 -2 10 -5 7 -6 3 -4 5 -7 8 -3}
L10n20:{1 -10 5 -3} {-6 -1 2 -5 -8 9 -4 6 -7 4 -9 8 10 -2 3 7}
L10a21:{1 -10 8 -6} {7 -1 2 -5 4 -8 9 -7 10 -2 3 -4 5 -3 6 -9}
L10n21:{1 -9 2 -10} {9 -1 3 8 -4 -2 10 -3 -6 7 -8 4 -5 6 -7 5}
L10a22:{1 -7 5 -3} {4 -1 9 -10 2 -5 6 -4 7 -2 8 -9 10 -8 3 -6}
L10n22:{1 -9 2 -10} {9 -1 3 8 -4 -2 10 -3 6 -7 -8 4 5 -6 7 -5}
L10a23:{1 -10 7 -5} {8 -1 2 -4 3 -7 6 -8 9 -6 10 -2 4 -3 5 -9}
L10n23:{1 -9 2 -10} {9 -1 3 -8 4 -2 10 -3 -6 7 8 -4 -5 6 -7 5}
L10a24:{1 -9 5 -3} {6 -1 2 -10 8 -5 4 -6 7 -4 9 -8 10 -2 3 -7}
L10n24:{1 -9 2 -10} {9 -1 3 6 -5 -2 10 -3 -4 8 -7 5 -6 4 -8 7}
L10a25:{1 -9 2 -10} {9 -1 4 -7 6 -8 10 -2 3 -4 5 -6 7 -5 8 -3}
L10n25:{1 -9 2 -10} {9 -1 -4 5 10 -2 -3 8 -7 4 -5 3 -6 7 -8 6}
L10a26:{1 -9 2 -10} {9 -1 4 -5 6 -8 10 -2 3 -4 7 -6 8 -7 5 -3}
L10n26:{1 -9 2 -10} {9 -1 -4 5 10 -2 3 -8 7 4 -5 -3 6 -7 8 -6}
L10a27:{1 -9 2 -10} {9 -1 3 -5 4 -8 7 -2 10 -3 5 -4 6 -7 8 -6}
L10n27:{1 -9 2 -10} {9 -1 4 -5 10 -2 -3 8 -7 -4 5 3 -6 7 -8 6}
L10a28:{1 -9 2 -10} {9 -1 3 -6 5 -8 7 -2 10 -3 4 -5 8 -7 6 -4}
L10n28:{1 -9 2 -10} {9 -1 -3 8 10 -2 -4 7 -8 3 -5 6 -7 4 -6 5}
L10a29:{1 -9 2 -10} {9 -1 3 -5 6 -8 4 -2 10 -3 7 -6 8 -7 5 -4}
L10n29:{1 -9 -2 10} {9 -1 -3 6 -5 2 -10 8 -7 3 -4 5 -8 7 -6 4}
L10a30:{1 -9 2 -10} {9 -1 3 -7 4 -8 10 -2 8 -3 5 -6 7 -4 6 -5}
L10n30:{1 -9 -2 10} {9 -1 -4 8 -6 2 -10 5 -7 6 -3 4 -5 7 -8 3}
L10a31:{1 -9 2 -10} {9 -1 3 -8 6 -7 5 -2 10 -3 4 -5 7 -6 8 -4}
L10n31:{1 9 -5 -3} {-6 -1 2 -10 8 5 -4 6 -7 4 -9 -8 10 -2 3 7}
L10a32:{1 -9 2 -10} {9 -1 3 -8 7 -6 5 -2 10 -7 8 -3 4 -5 6 -4}
L10n32:{1 -9 2 -10} {9 -1 -3 8 -7 6 -5 -2 10 7 -8 3 -4 5 -6 4}
L10a33:{1 -9 2 -10} {9 -1 3 -6 4 -8 10 -2 5 -7 8 -3 6 -4 7 -5}
L10n33:{1 -9 2 -10} {9 -1 -3 8 -7 -6 5 -2 10 7 -8 3 4 -5 6 -4}
L10a34:{1 -9 2 -10} {9 -1 3 -6 5 -8 7 -2 10 -7 8 -3 4 -5 6 -4}
L10n34:{1 -9 2 -10} {9 -1 3 -8 7 6 -5 -2 10 -7 8 -3 -4 5 -6 4}
L10a35:{1 -9 2 -10} {9 -1 5 -7 6 -8 3 -2 10 -3 4 -5 7 -6 8 -4}
L10n35:{1 -9 -2 10} {9 -1 -7 8 -4 5 -10 2 -3 4 -5 3 -6 7 -8 6}
L10a36:{1 -9 2 -10} {9 -1 5 -6 7 -8 3 -2 10 -3 4 -5 8 -7 6 -4}
L10n36:{1 -9 -2 10} {9 -1 -7 8 4 -5 -10 2 3 -4 5 -3 -6 7 -8 6}
L10a37:{1 -9 2 -10} {9 -1 3 -8 6 -7 10 -2 7 -6 4 -5 8 -3 5 -4}
L10n37:{1 -9 2 -10} {9 -1 -7 8 -4 5 10 -2 -3 4 -5 3 -6 7 -8 6}
L10a38:{1 -9 2 -10} {9 -1 7 -8 4 -5 10 -2 3 -4 5 -3 6 -7 8 -6}
L10n38:{1 -9 2 -10} {9 -1 -7 8 4 -5 10 -2 3 -4 5 -3 -6 7 -8 6}
L10a39:{1 -9 2 -10} {9 -1 7 -8 3 -5 4 -2 10 -3 5 -4 6 -7 8 -6}
L10n39:{1 -9 2 -10} {9 -1 -7 8 3 -5 4 -2 10 -3 5 -4 -6 7 -8 6}
L10a40:{1 -9 2 -10} {9 -1 3 -8 6 -7 10 -2 4 -5 7 -6 8 -3 5 -4}
L10n40:{1 -4 2 5 -6 -8} {4 -1 3 -2 -7 6 10 -9 -5 7 8 -10 9 -3}
L10a41:{1 -9 2 -10} {9 -1 7 -8 3 -5 4 -2 10 -4 5 -3 6 -7 8 -6}
L10n41:{1 -4 2 -5 -6 8} {4 -1 3 -2 -7 6 10 -9 5 7 -8 -10 9 -3}
L10a42:{1 -9 7 -5} {6 -1 2 -10 9 -6 8 -7 3 -4 10 -2 4 -3 5 -8}
L10n42:{1 -4 2 5 -6 -8} {4 -1 3 -2 7 6 -10 9 -5 -7 8 10 -9 -3}
L10a43:{1 -2 3 -7} {5 -1 9 -10 2 -6 4 -3 8 -9 10 -8 7 -5 6 -4}
L10n43:{1 -4 2 -5 -6 8} {4 -1 3 -2 7 6 -10 9 5 -7 -8 10 -9 -3}
L10a44:{1 -9 2 -10} {9 -1 3 -6 4 -7 5 -8 10 -2 8 -3 6 -4 7 -5}
L10n44:{1 10 -6 7 -5 -3} {3 -1 -2 6 -8 5 -4 9 -7 8 -10 2 -9 4}
L10a45:{1 -9 2 -10} {9 -1 3 -5 6 -7 4 -8 10 -2 8 -3 7 -6 5 -4}
L10n45:{1 10 -6 7 -5 -3} {3 -1 2 6 -8 5 4 -9 -7 8 -10 -2 9 -4}
L10a46:{1 -9 2 -10} {9 -1 3 -5 4 -8 7 -6 10 -2 8 -7 6 -3 5 -4}
L10n46:{1 10 -6 -7 5 -3} {3 -1 -2 6 8 -5 -4 9 7 -8 -10 2 -9 4}
L10a47:{1 -9 2 -10} {9 -1 3 -5 4 -8 6 -7 10 -2 7 -6 8 -3 5 -4}
L10n47:{1 10 -6 -7 5 -3} {3 -1 -2 6 8 -5 4 -9 7 -8 -10 2 9 -4}
L10a48:{1 -9 2 -10} {9 -1 3 -8 4 -7 5 -6 10 -2 6 -5 7 -4 8 -3}
L10n48:{1 -10 -6 7 5 -3} {3 -1 2 6 -8 -5 4 -9 -7 8 10 -2 9 -4}
L10a49:{1 -9 5 -3} {4 -1 2 -10 9 -4 6 -8 7 -5 10 -2 3 -6 8 -7}
L10n49:{1 10 -6 -7 5 -3} {3 -1 2 6 -8 -5 4 -9 7 8 -10 -2 9 -4}
L10a50:{1 -9 5 -3} {4 -1 2 -10 9 -4 6 -8 7 -5 10 -2 3 -7 8 -6}
L10n50:{1 -10 6 -7 5 -3} {3 -1 2 -6 8 -5 -4 9 7 -8 10 -2 -9 4}
L10a51:{1 -4 2 -5 6 -8} {4 -1 3 -2 7 -6 10 -9 5 -7 8 -10 9 -3}
L10n51:{1 -2 3 6 -5 -10} {7 -1 2 -3 -4 5 8 -7 9 -8 -6 4 10 -9}
L10a52:{1 -4 2 -7 6 -10} {4 -1 3 -2 5 -6 9 -8 10 -5 7 -9 8 -3}
L10n52:{1 10 -5 -9 3 -8} {6 -1 -2 5 4 -6 8 -3 7 -4 -10 2 9 -7}
L10a53:{1 -10 6 -7 5 -3} {3 -1 2 -6 8 -5 4 -9 7 -8 10 -2 9 -4}
L10n53:{1 -8 2 -9 -6 10} {8 -1 -4 5 9 -2 3 4 -7 6 -10 7 -5 -3}
L10a54:{1 -2 3 -6 5 -10} {7 -1 2 -3 4 -5 8 -7 9 -8 6 -4 10 -9}
L10n54:{1 -4 2 5 -6 -7 8 -9} {4 -1 3 -2 7 -8 9 10 -5 6 -10 -3}
L10a55:{1 -2 3 -10 8 -6} {4 -1 2 -3 7 -8 5 -4 9 -5 6 -7 10 -9}
L10n55:{1 10 -5 9 -8 7 -6 -3} {3 -1 -2 5 -7 6 -10 2 -4 8 -9 4}
L10a56:{1 -7 3 -8 4 -10} {2 -1 9 -3 5 -4 6 -9 7 -2 10 -6 8 -5}
L10n56:{1 -10 5 -9 3 7 -4 -8} {8 -1 2 -5 -6 4 -7 6 10 -2 9 -3}
L10a57:{1 -9 2 -8 3 -10} {9 -1 10 -2 4 -7 6 -3 8 -4 5 -6 7 -5}
L10n57:{1 -8 -3 4 2 -10 -5 9} {8 -1 -6 7 -9 3 -4 5 -7 6 10 -2}
L10a58:{1 -9 2 -5 4 -10} {9 -1 10 -2 7 -6 5 -4 3 -8 6 -7 8 -3}
L10n58:{1 -9 -4 5 -3 4 -2 10 -5 3} {9 -1 -7 8 -10 2 -6 7 -8 6}
L10a59:{1 -9 2 -8 3 -10} {9 -1 10 -2 6 -7 4 -3 8 -4 5 -6 7 -5}
L10n59:{1 -9 -4 5 -3 4 -2 10 -5 3} {9 -1 7 -8 -10 2 6 -7 8 -6}
L10a60:{1 -8 2 -9 4 -10} {8 -1 3 -2 9 -7 5 -4 10 -6 7 -5 6 -3}
L10n60:{1 -9 -4 5 -3 4 2 -10 -5 3} {9 -1 -7 8 10 -2 -6 7 -8 6}
L10a61:{1 -4 2 -8 9 -6} {4 -1 3 -2 6 -10 5 -9 8 -7 10 -5 7 -3}
L10n61:{1 -9 -4 5 -3 4 2 -10 -5 3} {9 -1 7 -8 10 -2 6 -7 8 -6}
L10a62:{1 -4 2 -7 6 -10} {4 -1 3 -2 5 -9 8 -6 7 -5 9 -8 10 -3}
L10n62:{1 -9 -4 5 -3 4 2 -10 -5 3} {9 -1 6 -8 7 -2 10 -6 8 -7}
L10a63:{1 -4 2 -5 6 -10} {4 -1 3 -2 7 -9 8 -6 10 -7 9 -8 5 -3}
L10n63:{1 4 -3 10 -5 6 -2 3 -7 -9} {-6 -1 9 5 -8 2 -4 7 -10 8}
L10a64:{1 -4 2 -7 6 -10} {4 -1 3 -2 8 -9 5 -6 7 -5 9 -8 10 -3}
L10n64:{1 4 -3 -10 5 -6 2 3 -7 -9} {6 -1 9 -5 8 -2 -4 7 10 -8}
L10a65:{1 -4 2 -5 6 -10} {4 -1 3 -2 7 -9 8 -6 10 -8 9 -7 5 -3}
L10n65:{1 -9 -2 10} {9 -1 -8 7} {-10 2 -3 6 -4 8 -7 3 -5 4 -6 5}
L10a66:{1 -2 3 -7 6 -4} {4 -1 2 -3 5 -10 9 -6 7 -5 8 -9 10 -8}
L10n66:{1 -9 -2 10} {9 -1 -8 7} {-10 2 3 -6 4 8 -7 -3 5 -4 6 -5}
L10a67:{1 -2 3 -10 4 -9} {9 -1 2 -3 5 -8 10 -4 6 -7 8 -5 7 -6}
L10n67:{1 -9 2 -10} {9 -1 8 -7} {10 -2 -3 6 -4 -8 7 3 -5 4 -6 5}
L10a68:{1 -2 3 -7 6 -4} {4 -1 2 -3 9 -10 5 -6 7 -5 8 -9 10 -8}
L10n68:{1 4 -3 -9} {-2 -1 5 3 -6 10} {-7 2 -4 -5 9 7 -8 6 -10 8}
L10a69:{1 -10 5 -7 6 -3} {3 -1 2 -5 7 -9 8 -6 10 -2 4 -8 9 -4}
L10n69:{1 -4 -3 9} {-2 -1 5 3 -6 10} {-7 2 4 -5 -9 7 -8 6 -10 8}
L10a70:{1 -10 5 -9 3 -8} {6 -1 2 -5 4 -6 8 -3 7 -4 10 -2 9 -7}
L10n70:{1 -4 3 -9} {-2 -1 5 -3 -6 10} {-7 2 4 -5 9 7 -8 6 -10 8}
L10a71:{1 -10 5 -9 3 -8} {4 -1 2 -5 6 -7 8 -3 7 -4 10 -2 9 -6}
L10n71:{1 -9 -2 10} {9 -1 -3 6 -4 7} {-5 2 -10 8 -6 3 -8 5 -7 4}
L10a72:{1 -9 2 -5 4 -10} {9 -1 10 -2 6 -8 7 -3 5 -4 3 -6 8 -7}
L10n72:{1 -9 2 -10} {9 -1 -3 6 -4 7} {-5 -2 10 8 -6 3 -8 5 -7 4}
L10a73:{1 -9 2 -5 4 -10} {9 -1 10 -2 6 -8 7 -3 5 -4 3 -7 8 -6}
L10n73:{1 -9 2 -10} {9 -1 -3 6 4 -7} {5 -2 10 8 -6 3 -8 -5 7 -4}
L10a74:{1 -2 3 -10 4 -9} {9 -1 2 -3 5 -7 6 -8 10 -4 8 -5 7 -6}
L10n74:{1 4 -3 -7} {-2 -1 5 3 -6 10 -9 8} {-10 2 -4 -5 7 6 -8 9}
L10a75:{1 -2 3 -10 4 -9} {9 -1 2 -3 5 -8 6 -7 10 -4 7 -6 8 -5}
L10n75:{1 -4 -3 7} {-2 -1 5 3 -6 10 -9 8} {-10 2 4 -5 -7 6 -8 9}
L10a76:{1 -10 7 -6 5 -3} {3 -1 2 -7 9 -8 10 -2 4 -5 8 -9 6 -4}
L10n76:{1 -4 3 -7} {-2 -1 5 -3 -6 10 -9 8} {-10 2 4 -5 7 6 -8 9}
L10a77:{1 -2 3 -9 4 -10} {5 -1 2 -3 6 -8 9 -5 7 -4 8 -6 10 -7}
L10n77:{1 4 -3 -9} {-2 -1 5 3 -6 10 -7 8} {-8 2 -4 -5 9 6 -10 7}
L10a78:{1 -2 3 -10 7 -5} {4 -1 2 -3 6 -8 5 -4 9 -7 8 -6 10 -9}
L10n78:{1 -4 -3 9} {-2 -1 5 3 -6 10 -7 8} {-8 2 4 -5 -9 6 -10 7}
L10a79:{1 -8 2 -9 6 -10} {8 -1 4 -5 9 -2 3 -4 7 -6 10 -7 5 -3}
L10n79:{1 -4 3 -9} {-2 -1 5 -3 -6 10 -7 8} {-8 2 4 -5 9 6 -10 7}
L10a80:{1 -8 2 -9 7 -10} {8 -1 3 -6 9 -2 4 -5 6 -7 10 -3 5 -4}
L10n80:{1 -9 2 -10} {9 -1 -4 5 10 -2 -3 8} {-5 4 -6 7 -8 3 -7 6}
L10a81:{1 -9 2 -6 4 -10} {9 -1 5 -7 10 -2 8 -3 6 -4 7 -5 3 -8}
L10n81:{1 -2 -3 7} {-4 -1 9 -8 10 3 -5 6} {-6 4 2 -9 8 -10 -7 5}
L10a82:{1 -8 2 -9 5 -10} {8 -1 3 -4 9 -2 4 -7 6 -5 10 -6 7 -3}
L10n82:{1 -9 2 -10} {9 -1 -4 6 -5 7 -3 8} {-7 -2 10 5 -6 4 -8 3}
L10a83:{1 -9 2 -6 5 -10} {9 -1 3 -8 10 -2 7 -4 6 -5 4 -7 8 -3}
L10n83:{1 -10 5 -3} {-9 4 -6 8 -7 6} {-4 -1 2 -5 -8 7 10 -2 3 9}
L10a84:{1 -9 10 -3 4 -6} {3 -1 2 -8 7 -10 9 -2 5 -4 6 -5 8 -7}
L10n84:{1 -9 2 -10} {-5 4 -8 6 -7 3} {9 -1 -4 5 10 -2 -6 7 -3 8}
L10a85:{1 -6 7 -8 2 -10} {8 -1 3 -4 6 -7 9 -5 10 -2 5 -3 4 -9}
L10n85:{1 -9 2 -10} {-5 4 8 -6 7 -3} {9 -1 -4 5 10 -2 6 -7 3 -8}
L10a86:{1 -8 9 -7 2 -10} {7 -1 3 -5 6 -9 8 -4 5 -2 10 -3 4 -6}
L10n86:{1 -9 2 -10} {5 -4 -8 6 -7 3} {9 -1 4 -5 10 -2 -6 7 -3 8}
L10a87:{1 -4 5 -9 6 -3} {3 -1 2 -10 4 -5 7 -8 9 -6 8 -7 10 -2}
L10n87:{1 -9 2 -10} {-7 5 -4 3 -8 6} {9 -1 -5 4 10 -2 -3 8 -6 7}
L10a88:{1 -9 2 -8 3 -7 4 -10} {9 -1 10 -2 6 -3 5 -4 7 -5 8 -6}
L10n88:{1 -9 2 -10} {-6 5 -7 4} {9 -1 -3 8 10 -2 -5 6 -8 3 -4 7}
L10a89:{1 -5 2 -6 4 -9 8 -10} {5 -1 3 -2 6 -4 7 -8 9 -7 10 -3}
L10n89:{1 -9 2 -10} {6 -5 7 -4} {9 -1 -3 8 10 -2 5 -6 -8 3 4 -7}
L10a90:{1 -5 2 -6 4 -7 8 -10} {5 -1 3 -2 6 -4 9 -8 10 -9 7 -3}
L10n90:{1 -9 -2 10} {-5 4 -8 3} {9 -1 -4 7 -6 5 -10 2 -3 6 -7 8}
L10a91:{1 -4 2 -5 6 -9 7 -10} {4 -1 3 -2 10 -6 8 -7 9 -8 5 -3}
L10n91:{1 -9 2 -10} {-5 4 -8 3} {9 -1 -4 7 -6 5 10 -2 -3 6 -7 8}
L10a92:{1 -4 2 -7 6 -9 8 -10} {4 -1 3 -2 5 -6 9 -8 7 -5 10 -3}
L10n92:{1 -10 -5 7 -6 3} {-4 -1 2 5 -8 9} {-7 6 -9 4 -3 -2 10 8}
L10a93:{1 -4 2 -5 6 -9 8 -10} {4 -1 3 -2 7 -6 9 -8 10 -7 5 -3}
L10n93:{1 -10 -5 7 -6 3} {4 -1 -2 5 8 -9} {-7 6 9 -4 -3 2 10 -8}
L10a94:{1 -9 3 -4 2 -7 6 -10} {9 -1 10 -3 4 -2 8 -5 7 -6 5 -8}
L10n94:{1 10 -5 -7 6 -3} {-4 -1 2 5 -8 9} {7 -6 -9 4 3 -2 -10 8}
L10a95:{1 -9 2 -7 3 -8 5 -10} {9 -1 10 -2 4 -3 7 -4 6 -5 8 -6}
L10n95:{1 4 -3 -8 9 -10} {5 -1 -6 3 2 -7} {8 -9 10 -5 7 -2 -4 6}
L10a96:{1 -2 3 -4 5 -8 7 -10} {4 -1 2 -3 10 -5 9 -6 8 -7 6 -9}
L10n96:{1 -2 -4 5} {2 -1 -6 7} {-5 4 -8 9 -3 10} {-7 6 -10 8 -9 3}
L10a97:{1 -2 3 -10 4 -5 6 -9} {5 -1 2 -3 10 -4 7 -8 9 -6 8 -7}
L10n97:{1 -2 -4 5} {2 -1 -6 7} {-5 4 8 -9 3 -10} {-7 6 10 -8 9 -3}
L10a98:{1 -2 3 -9 4 -10 5 -8} {8 -1 2 -3 9 -4 6 -7 10 -5 7 -6}
L10n98:{1 -2 4 -5} {2 -1 6 -7} {5 -4 -8 9 -3 10} {7 -6 -10 8 -9 3}
L10a99:{1 -4 2 -9 7 -8 6 -10} {4 -1 3 -2 5 -6 8 -7 9 -5 10 -3}
L10n99:{1 -9 -2 10} {9 -1 -3 4} {-8 5 -7 6} {-10 2 -5 8 -4 3 -6 7}
L10a100:{1 -9 2 -6 5 -7 4 -10} {9 -1 10 -2 8 -3 6 -5 7 -4 3 -8}
L10n100:{1 -9 -2 10} {9 -1 -3 4} {-8 5 7 -6} {-10 2 -5 8 -4 3 6 -7}
L10a101:{1 -9 2 -7 6 -5 4 -10} {9 -1 10 -2 8 -3 5 -6 7 -4 3 -8}
L10n101:{1 -9 -2 10} {9 -1 -3 4} {8 -5 7 -6} {-10 2 5 -8 -4 3 6 -7}
L10a102:{1 -2 3 -9 4 -10 7 -8} {8 -1 2 -3 5 -6 9 -4 10 -7 6 -5}
L10n102:{1 -9 2 -10} {9 -1 3 -4} {-8 5 -7 6} {10 -2 -5 8 4 -3 -6 7}
L10a103:{1 -4 2 -5 6 -7 8 -9} {4 -1 3 -2 7 -8 9 -10 5 -6 10 -3}
L10n103:{1 -9 2 -10} {9 -1 3 -4} {-8 5 7 -6} {10 -2 -5 8 4 -3 6 -7}
L10a104:{1 -10 5 -9 8 -7 6 -3} {3 -1 2 -5 7 -6 10 -2 4 -8 9 -4}
L10n104:{1 4 -3 -10} {-9 2 7 -6} {-2 -1 -5 3 6 8} {-4 5 10 9 -8 -7}
L10a105:{1 -2 3 -9 10 -5 6 -7} {4 -1 2 -3 5 -6 7 -4 8 -10 9 -8}
L10n105:{1 -4 -3 10} {-9 2 7 -6} {-2 -1 -5 3 6 8} {4 5 -10 9 -8 -7}
L10a106:{1 -10 5 -9 3 -7 4 -8} {8 -1 2 -5 6 -4 7 -6 10 -2 9 -3}
L10n106:{1 4 -3 -10} {-9 2 -7 6} {-2 -1 5 3 -6 8} {-4 -5 10 9 -8 7}
L10a107:{1 -8 3 -4 2 -10 5 -9} {8 -1 6 -7 9 -3 4 -5 7 -6 10 -2}
L10n107:{1 -4 3 -10} {-9 2 -7 6} {-2 -1 5 -3 -6 8} {4 -5 10 9 -8 7}
L10a108:{1 -9 4 -5 3 -4 2 -10 5 -3} {9 -1 7 -8 10 -2 6 -7 8 -6}
L10n108:{1 4 -3 -10} {-9 2 -7 6} {-2 -1 5 3 -8 9} {-4 -5 10 8 -6 7}
L10a109:{1 -9 4 -5 3 -4 2 -10 5 -3} {9 -1 6 -8 7 -2 10 -6 8 -7}
L10n109:{1 -4 -3 10} {-9 2 -7 6} {-2 -1 5 3 -8 9} {4 -5 -10 8 -6 7}
L10a110:{1 -10 2 -9 8 -6 7 -2 9 -8} {10 -1 3 -5 4 -7 6 -3 5 -4}
L10n110:{1 -9 -2 10} {-8 5 -4 3} {9 -1 -5 6 -7 8} {-10 2 -3 7 -6 4}
L10a111:{1 -4 3 -10 5 -6 2 -3 7 -9} {6 -1 9 -5 8 -2 4 -7 10 -8}
L10n111:{1 -9 2 -10} {-8 5 -4 3} {9 -1 -5 6 -7 8} {10 -2 -3 7 -6 4}
L10a112:{1 -10 2 -8 3 -7 4 -2 5 -6} {6 -1 7 -3 9 -5 10 -4 8 -9}
L10n112:{1 -2 -4 5} {2 -1 -6 7} {-5 4 -3 10} {-7 6 -8 9} {-10 3 -9 8}
L10a113:{1 -9 2 -6 7 -5 4 -2 8 -10} {9 -1 3 -7 6 -8 10 -3 5 -4}
L10n113:{1 -2 -4 5} {2 -1 -6 7} {-5 4 -3 10} {-7 6 8 -9} {-10 3 9 -8}
L10a114:{1 -9 3 -6 4 -7 5 -8 2 -10} {9 -1 10 -3 6 -4 7 -5 8 -2}
L10a115:{1 -9 3 -5 4 -8 7 -6 2 -10} {9 -1 10 -3 5 -4 6 -7 8 -2}
L10a116:{1 -9 3 -8 5 -7 6 -4 2 -10} {9 -1 10 -3 4 -5 7 -6 8 -2}
L10a117:{1 -2 3 -4 6 -8 7 -9 5 -10} {4 -1 2 -3 10 -6 8 -7 9 -5}
L10a118:{1 -2 3 -8 4 -9 5 -10 6 -7} {7 -1 2 -3 8 -4 9 -5 10 -6}
L10a119:{1 -8 3 -6 5 -4 2 -10 7 -9} {8 -1 9 -3 4 -5 6 -7 10 -2}
L10a120:{1 -2 3 -10 4 -5 6 -9 7 -8} {5 -1 2 -3 10 -4 8 -7 9 -6}
L10a121:{1 -8 3 -7 2 -9 10 -5 6 -4} {8 -1 9 -10 4 -3 7 -6 5 -2}
L10a122:{1 -9 2 -10} {9 -1 8 -7} {10 -2 3 -6 4 -8 7 -3 5 -4 6 -5}
L10a123:{1 -9 2 -10} {9 -1 3 -4} {10 -2 5 -8 4 -3 6 -7 8 -5 7 -6}
L10a124:{1 -9 2 -10} {9 -1 7 -6} {10 -2 3 -8 5 -7 6 -5 4 -3 8 -4}
L10a125:{1 -9 2 -10} {9 -1 3 -4} {10 -2 6 -7 5 -8 4 -3 8 -6 7 -5}
L10a126:{1 -9 2 -10} {9 -1 3 -4} {10 -2 5 -8 6 -7 4 -3 7 -6 8 -5}
L10a127:{1 -4 3 -9} {2 -1 5 -3 6 -10} {7 -2 4 -5 9 -7 8 -6 10 -8}
L10a128:{1 -9 2 -10} {9 -1 5 -7 8 -6} {10 -2 3 -5 4 -8 7 -4 6 -3}
L10a129:{1 -9 2 -10} {9 -1 4 -8 3 -7} {10 -2 6 -4 5 -3 7 -5 8 -6}
L10a130:{1 -9 2 -10} {9 -1 5 -6 7 -3} {10 -2 3 -5 4 -8 6 -7 8 -4}
L10a131:{1 -9 2 -10} {9 -1 4 -6 7 -5} {5 -2 10 -4 3 -8 6 -7 8 -3}
L10a132:{1 -9 2 -10} {9 -1 6 -5 7 -4} {10 -2 3 -8 4 -6 5 -7 8 -3}
L10a133:{1 -9 2 -10} {9 -1 6 -5 7 -8} {3 -2 10 -3 4 -6 5 -7 8 -4}
L10a134:{1 -9 2 -10} {9 -1 3 -6 4 -7} {5 -2 10 -8 6 -3 8 -5 7 -4}
L10a135:{1 -9 2 -10} {3 -1 8 -7 9 -5} {4 -2 5 -3 10 -4 6 -8 7 -6}
L10a136:{1 -9 2 -10} {7 -1 3 -4 9 -8} {5 -2 6 -7 8 -6 10 -5 4 -3}
L10a137:{1 -4 3 -7} {2 -1 5 -3 6 -10 9 -8} {10 -2 4 -5 7 -6 8 -9}
L10a138:{1 -4 3 -9} {2 -1 5 -3 6 -10 7 -8} {8 -2 4 -5 9 -6 10 -7}
L10a139:{1 -9 2 -10} {9 -1 4 -5 10 -2 3 -8} {5 -4 6 -7 8 -3 7 -6}
L10a140:{1 -2 3 -7} {4 -1 9 -8 10 -3 5 -6} {6 -4 2 -9 8 -10 7 -5}
L10a141:{1 -4 3 -10} {2 -1 5 -7 6 -3 8 -9} {9 -2 4 -6 7 -5 10 -8}
L10a142:{1 -9 2 -10} {9 -1 5 -4 6 -8 7 -3} {10 -2 3 -5 4 -6 8 -7}
L10a143:{1 -9 2 -10} {9 -1 5 -8 4 -7 6 -3} {10 -2 3 -5 7 -4 8 -6}
L10a144:{1 -9 2 -10} {9 -1 4 -3 5 -6 7 -8} {6 -2 10 -4 3 -5 8 -7}
L10a145:{1 -9 2 -10} {9 -1 4 -3 5 -8 6 -7} {7 -2 10 -4 3 -5 8 -6}
L10a146:{1 -9 2 -10} {9 -1 4 -6 5 -7 3 -8} {7 -2 10 -5 6 -4 8 -3}
L10a147:{1 -9 2 -10} {3 -1 5 -6 4 -8 9 -7} {6 -2 7 -3 10 -5 8 -4}
L10a148:{1 -9 2 -10} {3 -1 6 -5 7 -8 9 -4} {8 -2 4 -3 10 -6 5 -7}
L10a149:{1 -10 5 -3} {9 -4 6 -8 7 -6} {4 -1 2 -5 8 -7 10 -2 3 -9}
L10a150:{1 -9 2 -10} {6 -5 7 -4 8 -7} {9 -1 3 -6 5 -2 10 -3 4 -8}
L10a151:{1 -9 2 -10} {6 -5 7 -4 8 -7} {9 -1 3 -6 5 -2 10 -8 4 -3}
L10a152:{1 -9 2 -10} {5 -4 8 -6 7 -3} {9 -1 4 -5 10 -2 6 -7 3 -8}
L10a153:{1 -9 2 -10} {7 -5 4 -3 8 -6} {9 -1 5 -4 10 -2 3 -8 6 -7}
L10a154:{1 -9 2 -10} {6 -5 7 -4} {9 -1 3 -8 10 -2 5 -6 8 -3 4 -7}
L10a155:{1 -9 2 -10} {5 -4 8 -3} {9 -1 4 -7 6 -5 10 -2 3 -6 7 -8}
L10a156:{1 -10 5 -7 6 -3} {4 -1 2 -5 8 -9} {7 -6 9 -4 3 -2 10 -8}
L10a157:{1 -4 3 -8 9 -10} {5 -1 6 -3 2 -7} {8 -9 10 -5 7 -2 4 -6}
L10a158:{1 -4 5 -10 2 -9} {7 -1 3 -5 6 -8} {9 -2 10 -7 8 -6 4 -3}
L10a159:{1 -9 3 -4 2 -10} {9 -1 7 -6 8 -5} {10 -3 4 -2 5 -7 6 -8}
L10a160:{1 -8 2 -9 7 -10} {8 -1 4 -5 3 -6} {5 -2 9 -7 10 -4 6 -3}
L10a161:{1 -8 2 -9 7 -10} {8 -1 4 -3 5 -6} {6 -2 9 -7 10 -4 3 -5}
L10a162:{1 -6 7 -8 2 -10} {8 -1 4 -3 5 -9} {6 -7 9 -2 10 -4 3 -5}
L10a163:{1 -9 10 -5 6 -3} {4 -1 2 -7 5 -8} {9 -10 7 -6 8 -4 3 -2}
L10a164:{1 -8 2 -9 7 -10} {8 -1 5 -4 6 -3} {9 -2 3 -5 10 -7 4 -6}
L10a165:{1 -2 4 -5} {2 -1 6 -7} {5 -4 3 -10} {7 -6 8 -9 10 -3 9 -8}
L10a166:{1 -2 4 -5} {2 -1 6 -7} {5 -4 8 -9 3 -10} {7 -6 10 -8 9 -3}
L10a167:{1 -2 4 -5} {2 -1 7 -6} {5 -4 3 -10 8 -9} {9 -7 6 -3 10 -8}
L10a168:{1 -9 2 -10} {9 -1 3 -4} {8 -5 7 -6} {10 -2 5 -8 4 -3 6 -7}
L10a169:{1 -4 3 -10} {9 -2 7 -6} {2 -1 5 -3 6 -8} {4 -5 10 -9 8 -7}
L10a170:{1 -4 3 -10} {9 -2 7 -6} {2 -1 5 -3 8 -9} {4 -5 10 -8 6 -7}
L10a171:{1 -9 2 -10} {7 -8 6 -4} {9 -1 5 -7 8 -3} {10 -2 3 -5 4 -6}
L10a172:{1 -9 2 -10} {7 -8 6 -3} {9 -1 4 -7 8 -5} {5 -2 10 -4 3 -6}
L10a173:{1 -9 2 -10} {8 -5 4 -3} {9 -1 5 -6 7 -8} {10 -2 3 -7 6 -4}
L10a174:{1 -2 4 -5} {2 -1 6 -7} {5 -4 3 -10} {7 -6 8 -9} {10 -3 9 -8}
L11a1:{1 -11 5 -3} {4 -1 2 -5 10 -4 6 -9 11 -2 3 -10 7 -8 9 -6 8 -7}
L11n1:{1 11 -5 -3} {-4 -1 2 5 -10 4 -6 9 -11 -2 3 10 -7 8 -9 6 -8 7}
L11a2:{1 -11 5 -3} {6 -1 2 -5 4 -6 7 -10 8 -4 11 -2 3 -7 9 -8 10 -9}
L11n2:{1 -11 -5 3} {-4 -1 2 5 -10 4 -6 9 11 -2 -3 10 -7 8 -9 6 -8 7}
L11a3:{1 -11 5 -3} {6 -1 2 -5 4 -6 7 -10 9 -4 11 -2 3 -9 8 -7 10 -8}
L11n3:{1 -11 5 -3} {-4 -1 2 -5 -10 4 -6 9 11 -2 3 10 -7 8 -9 6 -8 7}
L11a4:{1 -11 5 -3} {4 -1 2 -5 10 -4 7 -8 6 -9 11 -2 3 -10 9 -7 8 -6}
L11n4:{1 11 -5 -3} {-6 -1 2 5 -4 6 -7 10 -8 4 -11 -2 3 7 -9 8 -10 9}
L11a5:{1 -11 5 -3} {4 -1 2 -5 10 -4 6 -9 7 -8 11 -2 3 -10 8 -7 9 -6}
L11n5:{1 -11 -5 3} {-6 -1 2 5 -4 6 -7 10 -8 4 11 -2 -3 7 -9 8 -10 9}
L11a6:{1 -11 5 -3} {4 -1 2 -5 6 -10 7 -4 11 -2 3 -6 8 -9 10 -7 9 -8}
L11n6:{1 -11 5 -3} {-6 -1 2 -5 -4 6 -7 10 -8 4 11 -2 3 7 -9 8 -10 9}
L11a7:{1 -11 5 -3} {4 -1 2 -5 8 -10 9 -4 6 -7 11 -2 3 -8 10 -9 7 -6}
L11n7:{1 11 -5 -3} {-6 -1 2 5 -4 6 -7 10 -9 4 -11 -2 3 9 -8 7 -10 8}
L11a8:{1 -11 5 -3} {8 -1 2 -5 4 -10 7 -8 9 -7 11 -2 3 -6 10 -4 6 -9}
L11n8:{1 -11 -5 3} {-6 -1 2 5 -4 6 -7 10 -9 4 11 -2 -3 9 -8 7 -10 8}
L11a9:{1 -11 5 -3} {4 -1 2 -5 9 -10 8 -4 6 -7 11 -2 3 -8 10 -9 7 -6}
L11n9:{1 -11 5 -3} {-6 -1 2 -5 -4 6 -7 10 -9 4 11 -2 3 9 -8 7 -10 8}
L11a10:{1 -11 5 -3} {4 -1 2 -5 6 -8 10 -4 7 -9 8 -6 11 -2 3 -10 9 -7}
L11n10:{1 11 -5 -3} {-4 -1 2 5 -10 4 -7 8 -6 9 -11 -2 3 10 -9 7 -8 6}
L11a11:{1 -11 5 -3} {6 -1 2 -5 4 -10 9 -6 7 -4 8 -9 10 -8 11 -2 3 -7}
L11n11:{1 -11 -5 3} {-4 -1 2 5 -10 4 -7 8 -6 9 11 -2 -3 10 -9 7 -8 6}
L11a12:{1 -11 5 -3} {6 -1 2 -5 9 -10 4 -6 7 -4 8 -9 10 -8 11 -2 3 -7}
L11n12:{1 -11 5 -3} {-4 -1 2 -5 -10 4 -7 8 -6 9 11 -2 3 10 -9 7 -8 6}
L11a13:{1 -11 5 -3} {4 -1 2 -5 6 -9 10 -4 7 -8 9 -6 8 -7 11 -2 3 -10}
L11n13:{1 11 -5 -3} {-4 -1 2 5 -10 4 -6 9 -7 8 -11 -2 3 10 -8 7 -9 6}
L11a14:{1 -11 5 -3} {6 -1 2 -5 4 -10 11 -2 3 -6 7 -9 8 -4 10 -7 9 -8}
L11n14:{1 -11 -5 3} {-4 -1 2 5 -10 4 -6 9 -7 8 11 -2 -3 10 -8 7 -9 6}
L11a15:{1 -11 5 -3} {6 -1 2 -5 4 -10 11 -2 3 -6 7 -9 8 -4 10 -8 9 -7}
L11n15:{1 -11 5 -3} {-4 -1 2 -5 -10 4 -6 9 -7 8 11 -2 3 10 -8 7 -9 6}
L11a16:{1 -11 5 -3} {4 -1 2 -5 6 -9 7 -10 8 -4 11 -2 3 -6 9 -7 10 -8}
L11n16:{1 11 -5 -3} {-4 -1 2 5 -6 10 -7 4 -11 -2 3 6 -8 9 -10 7 -9 8}
L11a17:{1 -11 5 -3} {4 -1 2 -5 6 -7 8 -10 9 -4 7 -6 11 -2 3 -8 10 -9}
L11n17:{1 -11 -5 3} {-4 -1 2 5 -6 10 -7 4 11 -2 -3 6 -8 9 -10 7 -9 8}
L11a18:{1 -10 2 -11} {10 -1 3 -6 5 -2 11 -3 4 -9 8 -5 6 -4 7 -8 9 -7}
L11n18:{1 -11 5 -3} {-4 -1 2 -5 -6 10 -7 4 11 -2 3 6 -8 9 -10 7 -9 8}
L11a19:{1 -10 2 -11} {10 -1 3 -9 4 -2 11 -3 5 -8 9 -4 6 -7 8 -5 7 -6}
L11n19:{1 11 -5 -3} {-4 -1 2 5 -8 10 -9 4 -6 7 -11 -2 3 8 -10 9 -7 6}
L11a20:{1 -10 2 -11} {10 -1 3 -6 5 -2 11 -3 8 -9 4 -5 6 -4 7 -8 9 -7}
L11n20:{1 -11 -5 3} {-4 -1 2 5 -8 10 -9 4 -6 7 11 -2 -3 8 -10 9 -7 6}
L11a21:{1 -10 2 -11} {10 -1 3 -9 4 -2 11 -3 5 -7 6 -8 9 -4 8 -5 7 -6}
L11n21:{1 -11 5 -3} {-4 -1 2 -5 -8 10 -9 4 -6 7 11 -2 3 8 -10 9 -7 6}
L11a22:{1 -10 2 -11} {10 -1 3 -9 4 -2 11 -3 5 -8 6 -7 9 -4 7 -6 8 -5}
L11n22:{1 11 -5 -3} {-8 -1 2 5 -4 10 -7 8 -9 7 -11 -2 3 6 -10 4 -6 9}
L11a23:{1 -10 2 -11} {10 -1 4 -5 11 -2 3 -9 6 -4 5 -3 7 -8 9 -6 8 -7}
L11n23:{1 -11 -5 3} {-8 -1 2 5 -4 10 -7 8 -9 7 11 -2 -3 6 -10 4 -6 9}
L11a24:{1 -10 2 -11} {10 -1 3 -9 11 -2 4 -8 9 -3 6 -7 8 -4 5 -6 7 -5}
L11n24:{1 -11 5 -3} {-8 -1 2 -5 -4 10 -7 8 -9 7 11 -2 3 6 -10 4 -6 9}
L11a25:{1 -10 2 -11} {10 -1 3 -9 11 -2 5 -6 9 -3 4 -8 7 -5 6 -4 8 -7}
L11n25:{1 -11 5 -3} {-8 -1 2 -5 4 -10 -7 8 -9 7 11 -2 3 -6 10 -4 6 9}
L11a26:{1 -10 2 -11} {10 -1 3 -9 11 -2 5 -6 9 -3 7 -8 4 -5 6 -4 8 -7}
L11n26:{1 11 -5 -3} {-4 -1 2 5 -9 10 -8 4 -6 7 -11 -2 3 8 -10 9 -7 6}
L11a27:{1 -10 2 -11} {10 -1 4 -5 11 -2 6 -9 3 -4 5 -3 7 -8 9 -6 8 -7}
L11n27:{1 -11 -5 3} {-4 -1 2 5 -9 10 -8 4 -6 7 11 -2 -3 8 -10 9 -7 6}
L11a28:{1 -10 2 -11} {10 -1 3 -6 5 -2 11 -9 8 -3 4 -5 7 -8 9 -7 6 -4}
L11n28:{1 -11 5 -3} {-4 -1 2 -5 -9 10 -8 4 -6 7 11 -2 3 8 -10 9 -7 6}
L11a29:{1 -10 2 -11} {10 -1 5 -6 3 -2 11 -7 4 -5 8 -9 6 -4 7 -3 9 -8}
L11n29:{1 11 -5 -3} {-4 -1 2 5 -6 8 -10 4 -7 9 -8 6 -11 -2 3 10 -9 7}
L11a30:{1 -10 2 -11} {10 -1 3 -9 11 -2 4 -7 6 -8 9 -3 8 -4 5 -6 7 -5}
L11n30:{1 -11 -5 3} {-4 -1 2 5 -6 8 -10 4 -7 9 -8 6 11 -2 -3 10 -9 7}
L11a31:{1 -10 2 -11} {10 -1 3 -9 11 -2 5 -7 6 -8 9 -3 4 -5 7 -6 8 -4}
L11n31:{1 -11 5 -3} {-4 -1 2 -5 -6 8 -10 4 -7 9 -8 6 11 -2 3 10 -9 7}
L11a32:{1 -10 2 -11} {10 -1 3 -9 11 -2 5 -6 7 -8 9 -3 4 -5 8 -7 6 -4}
L11n32:{1 11 -5 -3} {-6 -1 2 5 -4 10 -9 6 -7 4 -8 9 -10 8 -11 -2 3 7}
L11a33:{1 -10 2 -11} {10 -1 4 -5 11 -2 3 -8 6 -9 7 -4 5 -3 8 -6 9 -7}
L11n33:{1 -11 5 -3} {-6 -1 2 -5 -4 10 -9 6 -7 4 -8 9 -10 8 11 -2 3 7}
L11a34:{1 -10 2 -11} {10 -1 4 -5 11 -2 3 -7 8 -9 6 -4 5 -3 9 -8 7 -6}
L11n34:{1 -11 5 -3} {-6 -1 2 -5 4 -10 9 6 -7 -4 8 -9 10 -8 11 -2 3 7}
L11a35:{1 -10 2 -11} {10 -1 3 -9 11 -2 7 -8 4 -5 9 -3 5 -4 6 -7 8 -6}
L11n35:{1 -11 5 -3} {6 -1 2 -5 -4 10 -9 -6 7 4 -8 9 -10 8 11 -2 3 -7}
L11a36:{1 -10 2 -11} {10 -1 4 -5 11 -2 6 -8 7 -9 3 -4 5 -3 9 -6 8 -7}
L11n36:{1 11 -5 -3} {-6 -1 2 5 -9 10 -4 6 -7 4 -8 9 -10 8 -11 -2 3 7}
L11a37:{1 -10 2 -11} {10 -1 4 -5 11 -2 6 -9 7 -8 3 -4 5 -3 8 -7 9 -6}
L11n37:{1 -11 5 -3} {-6 -1 2 -5 -9 10 -4 6 -7 4 -8 9 -10 8 11 -2 3 7}
L11a38:{1 -10 2 -11} {10 -1 5 -6 3 -2 11 -3 4 -9 8 -5 6 -4 7 -8 9 -7}
L11n38:{1 11 -5 -3} {-4 -1 2 5 -6 9 -10 4 -7 8 -9 6 -8 7 -11 -2 3 10}
L11a39:{1 -10 2 -11} {10 -1 3 -9 8 -2 11 -8 4 -7 9 -3 5 -6 7 -4 6 -5}
L11n39:{1 -11 5 -3} {-4 -1 2 -5 -6 9 -10 4 -7 8 -9 6 -8 7 11 -2 3 10}
L11a40:{1 -10 2 -11} {10 -1 5 -6 3 -2 11 -3 8 -9 4 -5 6 -4 7 -8 9 -7}
L11n40:{1 11 -5 -3} {-6 -1 2 5 -4 10 -11 -2 3 6 -7 9 -8 4 -10 7 -9 8}
L11a41:{1 -10 2 -11} {10 -1 4 -9 6 -2 11 -7 8 -6 3 -4 5 -8 7 -5 9 -3}
L11n41:{1 -11 5 -3} {-6 -1 2 -5 -4 10 11 -2 3 6 -7 9 -8 4 -10 7 -9 8}
L11a42:{1 -10 2 -11} {10 -1 3 -9 8 -2 11 -8 4 -6 5 -7 9 -3 7 -4 6 -5}
L11n42:{1 11 -5 -3} {-6 -1 2 5 -4 10 -11 -2 3 6 -7 9 -8 4 -10 8 -9 7}
L11a43:{1 -10 2 -11} {10 -1 3 -9 8 -2 11 -8 4 -7 5 -6 9 -3 6 -5 7 -4}
L11n43:{1 -11 5 -3} {-6 -1 2 -5 -4 10 11 -2 3 6 -7 9 -8 4 -10 8 -9 7}
L11a44:{1 -10 2 -11} {10 -1 3 -9 6 -2 11 -8 7 -6 4 -5 9 -7 8 -3 5 -4}
L11n44:{1 11 -5 -3} {-4 -1 2 5 -6 9 -7 10 -8 4 -11 -2 3 6 -9 7 -10 8}
L11a45:{1 -11 9 -7} {8 -1 2 -6 3 -9 10 -8 11 -2 4 -5 6 -3 5 -4 7 -10}
L11n45:{1 -11 -5 3} {-4 -1 2 5 -6 9 -7 10 -8 4 11 -2 -3 6 -9 7 -10 8}
L11a46:{1 -11 8 -6} {9 -1 2 -5 4 -8 7 -9 10 -7 11 -2 3 -4 5 -3 6 -10}
L11n46:{1 -11 5 -3} {-4 -1 2 -5 -6 9 -7 10 -8 4 11 -2 3 6 -9 7 -10 8}
L11a47:{1 -11 7 -5} {6 -1 2 -4 3 -7 10 -6 8 -9 11 -2 4 -3 5 -10 9 -8}
L11n47:{1 11 -5 -3} {-4 -1 2 5 -6 7 -8 10 -9 4 -7 6 -11 -2 3 8 -10 9}
L11a48:{1 -10 7 -5} {6 -1 2 -11 9 -7 8 -6 10 -9 3 -4 11 -2 4 -3 5 -8}
L11n48:{1 -11 -5 3} {-4 -1 2 5 -6 7 -8 10 -9 4 -7 6 11 -2 -3 8 -10 9}
L11a49:{1 -8 5 -3} {6 -1 10 -11 2 -5 4 -6 7 -4 8 -2 9 -10 11 -9 3 -7}
L11n49:{1 -11 5 -3} {-4 -1 2 -5 -6 7 -8 10 -9 4 -7 6 11 -2 3 8 -10 9}
L11a50:{1 -10 5 -3} {4 -1 2 -11 9 -5 8 -4 6 -7 10 -9 11 -2 3 -8 7 -6}
L11n50:{1 -10 2 -11} {10 -1 3 6 -5 -2 11 -3 -4 9 -8 5 -6 4 -7 8 -9 7}
L11a51:{1 -11 7 -5} {6 -1 2 -4 3 -7 8 -10 9 -6 11 -2 4 -3 5 -8 10 -9}
L11n51:{1 -10 2 -11} {10 -1 3 6 -5 -2 11 -3 4 -9 8 5 -6 -4 7 -8 9 -7}
L11a52:{1 -10 5 -3} {4 -1 2 -11 9 -5 6 -8 7 -4 10 -9 11 -2 3 -6 8 -7}
L11n52:{1 -10 2 -11} {10 -1 3 -6 5 -2 11 -3 -4 9 -8 -5 6 4 -7 8 -9 7}
L11a53:{1 -11 7 -5} {6 -1 2 -4 3 -7 8 -9 10 -6 9 -8 11 -2 4 -3 5 -10}
L11n53:{1 -10 2 -11} {10 -1 3 9 -4 -2 11 -3 -5 8 -9 4 -6 7 -8 5 -7 6}
L11a54:{1 -10 5 -3} {4 -1 2 -11 9 -5 6 -7 8 -4 7 -6 10 -9 11 -2 3 -8}
L11n54:{1 -10 2 -11} {10 -1 -4 5 11 -2 -3 9 -6 4 -5 3 -7 8 -9 6 -8 7}
L11a55:{1 -10 2 -11} {10 -1 3 -6 5 -9 8 -2 11 -3 4 -5 7 -8 9 -7 6 -4}
L11n55:{1 -10 2 -11} {10 -1 -4 5 11 -2 3 -9 6 4 -5 -3 7 -8 9 -6 8 -7}
L11a56:{1 -10 2 -11} {10 -1 3 -8 4 -9 5 -2 11 -3 8 -4 6 -7 9 -5 7 -6}
L11n56:{1 -10 2 -11} {10 -1 4 -5 11 -2 -3 9 -6 -4 5 3 -7 8 -9 6 -8 7}
L11a57:{1 -10 2 -11} {10 -1 3 -6 5 -9 8 -2 11 -3 4 -5 6 -4 7 -8 9 -7}
L11n57:{1 -10 2 -11} {10 -1 -3 9 11 -2 -4 8 -9 3 -6 7 -8 4 -5 6 -7 5}
L11a58:{1 -10 2 -11} {10 -1 3 -8 4 -9 11 -2 9 -3 6 -7 8 -4 5 -6 7 -5}
L11n58:{1 -10 2 -11} {10 -1 -3 9 11 -2 4 -8 -9 3 6 -7 8 -4 5 -6 7 -5}
L11a59:{1 -10 2 -11} {10 -1 3 -6 5 -9 11 -2 9 -3 4 -8 7 -5 6 -4 8 -7}
L11n59:{1 -10 2 -11} {10 -1 3 -9 11 -2 -4 8 9 -3 -6 7 -8 4 -5 6 -7 5}
L11a60:{1 -10 2 -11} {10 -1 3 -6 5 -9 11 -2 9 -3 7 -8 4 -5 6 -4 8 -7}
L11n60:{1 -10 2 -11} {10 -1 3 -9 11 -2 -4 8 9 -3 6 -7 -8 4 5 -6 7 -5}
L11a61:{1 -10 2 -11} {10 -1 4 -8 5 -9 11 -2 3 -4 8 -7 6 -5 9 -6 7 -3}
L11n61:{1 -10 2 -11} {10 -1 3 -9 11 -2 4 -8 9 -3 -6 7 8 -4 -5 6 -7 5}
L11a62:{1 -10 2 -11} {10 -1 4 -7 8 -6 11 -2 3 -4 6 -9 5 -8 7 -5 9 -3}
L11n62:{1 -10 2 -11} {10 -1 -3 9 11 -2 -5 6 -9 3 -4 8 -7 5 -6 4 -8 7}
L11a63:{1 -10 2 -11} {10 -1 3 -9 7 -8 5 -2 11 -3 4 -5 6 -7 8 -6 9 -4}
L11n63:{1 -10 2 -11} {10 -1 -3 9 11 -2 5 -6 -9 3 4 -8 7 -5 6 -4 8 -7}
L11a64:{1 -10 2 -11} {10 -1 3 -8 4 -9 7 -2 11 -3 5 -6 8 -4 9 -7 6 -5}
L11n64:{1 -10 2 -11} {10 -1 3 -9 11 -2 -5 6 9 -3 -4 8 -7 5 -6 4 -8 7}
L11a65:{1 -10 2 -11} {10 -1 3 -7 8 -9 4 -2 11 -3 5 -6 9 -8 7 -4 6 -5}
L11n65:{1 -10 2 -11} {10 -1 -3 9 11 -2 -5 6 -9 3 -7 8 -4 5 -6 4 -8 7}
L11a66:{1 -10 2 -11} {10 -1 3 -7 8 -6 4 -2 11 -3 6 -9 5 -8 7 -5 9 -4}
L11n66:{1 -10 -2 11} {10 -1 -3 6 -5 2 -11 9 -8 3 -4 5 -7 8 -9 7 -6 4}
L11a67:{1 -10 2 -11} {10 -1 3 -7 5 -6 11 -2 8 -5 9 -3 4 -8 6 -9 7 -4}
L11n67:{1 -10 -2 11} {10 -1 -5 6 -3 2 -11 7 -4 5 -8 9 -6 4 -7 3 -9 8}
L11a68:{1 -10 2 -11} {10 -1 3 -9 8 -7 4 -2 11 -8 9 -3 5 -6 7 -4 6 -5}
L11n68:{1 -10 2 -11} {10 -1 -3 9 11 -2 -5 7 -6 8 -9 3 -4 5 -7 6 -8 4}
L11a69:{1 -10 2 -11} {10 -1 8 -9 3 -6 5 -2 11 -3 7 -8 9 -7 4 -5 6 -4}
L11n69:{1 -10 2 -11} {10 -1 -3 9 11 -2 5 -7 6 -8 -9 3 4 -5 7 -6 8 -4}
L11a70:{1 -10 2 -11} {10 -1 3 -6 5 -7 11 -2 7 -9 8 -3 4 -5 9 -8 6 -4}
L11n70:{1 -10 2 -11} {10 -1 3 -9 11 -2 -5 7 -6 8 9 -3 -4 5 -7 6 -8 4}
L11a71:{1 -10 2 -11} {10 -1 3 -5 4 -9 11 -2 7 -8 9 -3 5 -4 6 -7 8 -6}
L11n71:{1 -10 2 -11} {10 -1 -3 9 11 -2 -5 6 -7 8 -9 3 -4 5 -8 7 -6 4}
L11a72:{1 -10 2 -11} {10 -1 4 -6 5 -7 11 -2 3 -9 8 -4 6 -5 7 -3 9 -8}
L11n72:{1 -10 2 -11} {10 -1 -3 9 11 -2 5 -6 7 -8 -9 3 4 -5 8 -7 6 -4}
L11a73:{1 -10 2 -11} {10 -1 4 -5 6 -7 11 -2 3 -9 8 -4 7 -6 5 -3 9 -8}
L11n73:{1 -10 2 -11} {10 -1 3 -9 11 -2 -5 6 -7 8 9 -3 -4 5 -8 7 -6 4}
L11a74:{1 -10 2 -11} {10 -1 3 -7 6 -9 11 -2 4 -8 9 -3 5 -6 7 -5 8 -4}
L11n74:{1 -10 2 -11} {10 -1 -4 5 11 -2 -3 8 -6 9 -7 4 -5 3 -8 6 -9 7}
L11a75:{1 -10 2 -11} {10 -1 4 -6 5 -7 11 -2 8 -9 3 -4 6 -5 7 -3 9 -8}
L11n75:{1 -10 2 -11} {10 -1 -4 5 11 -2 -3 7 -8 9 -6 4 -5 3 -9 8 -7 6}
L11a76:{1 -10 2 -11} {10 -1 4 -5 6 -7 11 -2 8 -9 3 -4 7 -6 5 -3 9 -8}
L11n76:{1 -10 -2 11} {10 -1 -4 9 -6 2 -11 7 -8 6 -3 4 -5 8 -7 5 -9 3}
L11a77:{1 -10 2 -11} {10 -1 5 -8 7 -9 3 -2 11 -3 4 -5 6 -7 8 -6 9 -4}
L11n77:{1 -10 -2 11} {10 -1 -3 9 -6 2 -11 8 -7 6 -4 5 -9 7 -8 3 -5 4}
L11a78:{1 -10 2 -11} {10 -1 5 -6 7 -9 3 -2 11 -3 4 -5 8 -7 9 -8 6 -4}
L11n78:{1 -11 -7 5} {-6 -1 2 -4 3 7 -10 6 -8 9 11 -2 4 -3 -5 10 -9 8}
L11a79:{1 -10 2 -11} {10 -1 3 -8 7 -9 11 -2 5 -6 8 -3 4 -5 9 -7 6 -4}
L11n79:{1 8 -5 -3} {-6 -1 10 -11 2 5 -4 6 -7 4 -8 -2 9 -10 11 -9 3 7}
L11a80:{1 -10 2 -11} {10 -1 3 -8 6 -9 11 -2 5 -7 9 -3 4 -5 7 -6 8 -4}
L11n80:{1 -11 -7 5} {-6 -1 2 -4 3 7 -8 10 -9 6 11 -2 4 -3 -5 8 -10 9}
L11a81:{1 -10 2 -11} {10 -1 6 -5 7 -4 11 -2 3 -9 8 -6 4 -3 9 -7 5 -8}
L11n81:{1 -11 7 -5} {-6 -1 2 -4 3 -7 -8 9 -10 6 -9 8 11 -2 4 -3 5 10}
L11a82:{1 -10 2 -11} {10 -1 3 -8 6 -9 11 -2 4 -5 8 -3 5 -7 9 -6 7 -4}
L11n82:{1 10 -5 -3} {-4 -1 2 -11 9 5 -6 7 -8 4 -7 6 -10 -9 11 -2 3 8}
L11a83:{1 -10 2 -11} {10 -1 3 -7 4 -9 8 -2 11 -8 9 -3 5 -6 7 -4 6 -5}
L11n83:{1 -10 5 -3} {-4 -1 2 -11 9 -5 -6 7 -8 4 -7 6 10 -9 11 -2 3 8}
L11a84:{1 -10 2 -11} {10 -1 3 -9 7 -8 11 -2 8 -7 5 -6 9 -3 4 -5 6 -4}
L11n84:{1 -10 2 -11} {10 -1 3 8 -4 -9 11 -2 9 -3 -6 7 -8 4 -5 6 -7 5}
L11a85:{1 -10 2 -11} {10 -1 6 -7 3 -4 11 -2 4 -3 5 -9 8 -6 7 -5 9 -8}
L11n85:{1 -10 2 -11} {10 -1 3 8 -4 -9 11 -2 9 -3 6 -7 -8 4 5 -6 7 -5}
L11a86:{1 -10 2 -11} {10 -1 6 -7 3 -4 11 -2 4 -3 8 -9 5 -6 7 -5 9 -8}
L11n86:{1 -10 2 -11} {10 -1 3 -8 4 -9 11 -2 9 -3 -6 7 8 -4 -5 6 -7 5}
L11a87:{1 -10 2 -11} {10 -1 5 -9 7 -3 11 -2 3 -6 8 -7 4 -5 6 -8 9 -4}
L11n87:{1 -10 2 -11} {10 -1 3 6 -5 -9 11 -2 9 -3 -4 8 -7 5 -6 4 -8 7}
L11a88:{1 -10 2 -11} {10 -1 3 -9 7 -8 11 -2 5 -6 8 -7 9 -3 4 -5 6 -4}
L11n88:{1 -10 -2 11} {10 -1 -3 7 -5 6 -11 2 -8 5 -9 3 -4 8 -6 9 -7 4}
L11a89:{1 -10 2 -11} {10 -1 8 -9 3 -6 11 -2 4 -5 6 -3 7 -8 9 -7 5 -4}
L11n89:{1 -10 2 -11} {10 -1 -3 7 -5 6 11 -2 -8 5 -9 3 -4 8 -6 9 -7 4}
L11a90:{1 -10 2 -11} {10 -1 3 -6 4 -9 8 -2 11 -8 5 -7 9 -3 6 -4 7 -5}
L11n90:{1 -10 2 -11} {10 -1 -3 7 5 -6 11 -2 8 -5 9 3 -4 -8 6 -9 -7 4}
L11a91:{1 -10 2 -11} {10 -1 3 -6 5 -9 7 -2 11 -8 9 -7 8 -3 4 -5 6 -4}
L11n91:{1 -10 2 -11} {10 -1 -3 9 -8 7 -4 -2 11 8 -9 3 -5 6 -7 4 -6 5}
L11a92:{1 -10 2 -11} {10 -1 3 -9 7 -8 11 -2 6 -7 8 -6 4 -5 9 -3 5 -4}
L11n92:{1 -10 2 -11} {10 -1 -3 9 -8 -7 4 -2 11 8 -9 3 5 -6 7 -4 6 -5}
L11a93:{1 -10 2 -11} {10 -1 3 -9 6 -8 7 -2 11 -6 8 -7 4 -5 9 -3 5 -4}
L11n93:{1 -10 2 -11} {10 -1 3 -9 8 7 -4 -2 11 -8 9 -3 -5 6 -7 4 -6 5}
L11a94:{1 -10 2 -11} {10 -1 3 -9 6 -8 7 -2 11 -7 8 -6 4 -5 9 -3 5 -4}
L11n94:{1 -10 2 -11} {10 -1 -8 9 -3 6 -5 -2 11 3 -7 8 -9 7 -4 5 -6 4}
L11a95:{1 -10 2 -11} {10 -1 8 -9 5 -6 3 -2 11 -3 4 -5 6 -4 7 -8 9 -7}
L11n95:{1 -10 2 -11} {10 -1 -3 5 -4 9 11 -2 -7 8 -9 3 -5 4 -6 7 -8 6}
L11a96:{1 -10 2 -11} {10 -1 3 -9 6 -8 7 -2 11 -7 4 -5 8 -6 9 -3 5 -4}
L11n96:{1 -10 2 -11} {10 -1 -3 5 -4 9 11 -2 7 -8 -9 3 -5 4 6 -7 8 -6}
L11a97:{1 -10 8 -6} {7 -1 2 -11 10 -7 9 -8 4 -5 11 -2 3 -4 5 -3 6 -9}
L11n97:{1 -10 2 -11} {10 -1 3 -5 4 -9 11 -2 -7 8 9 -3 5 -4 -6 7 -8 6}
L11a98:{1 -2 3 -6} {4 -1 8 -9 2 -4 5 -3 7 -11 10 -8 9 -7 11 -10 6 -5}
L11n98:{1 -10 2 -11} {10 -1 -4 6 -5 7 11 -2 -3 9 -8 4 -6 5 -7 3 -9 8}
L11a99:{1 -2 3 -6} {4 -1 8 -9 2 -4 5 -3 10 -11 7 -8 9 -7 11 -10 6 -5}
L11n99:{1 -10 2 -11} {10 -1 -4 5 -6 7 11 -2 -3 9 -8 4 -7 6 -5 3 -9 8}
L11a100:{1 -11 9 -7} {8 -1 2 -5 3 -6 4 -9 10 -8 11 -2 5 -3 6 -4 7 -10}
L11n100:{1 -10 2 -11} {10 -1 -4 5 -6 7 11 -2 3 -9 8 4 -7 6 -5 -3 9 -8}
L11a101:{1 -11 9 -7} {8 -1 2 -4 5 -6 3 -9 10 -8 11 -2 6 -5 4 -3 7 -10}
L11n101:{1 -10 2 -11} {10 -1 4 -5 6 -7 11 -2 -3 9 -8 -4 7 -6 5 3 -9 8}
L11a102:{1 -10 7 -5} {6 -1 2 -4 3 -11 9 -7 8 -6 10 -9 11 -2 4 -3 5 -8}
L11n102:{1 -10 -2 11} {10 -1 -3 8 -7 9 -11 2 -5 6 -8 3 -4 5 -9 7 -6 4}
L11a103:{1 -9 5 -3} {4 -1 2 -11 7 -10 8 -5 6 -4 9 -8 10 -7 11 -2 3 -6}
L11n103:{1 -10 2 -11} {10 -1 -3 8 -7 9 11 -2 -5 6 -8 3 -4 5 -9 7 -6 4}
L11a104:{1 -2 3 -8} {5 -1 10 -11 2 -7 4 -3 9 -10 11 -9 8 -5 6 -4 7 -6}
L11n104:{1 -10 2 -11} {10 -1 -3 8 -7 9 11 -2 5 6 -8 3 4 -5 -9 7 -6 -4}
L11a105:{1 -10 2 -11} {10 -1 3 -5 4 -8 7 -9 11 -2 9 -3 5 -4 6 -7 8 -6}
L11n105:{1 -10 -2 11} {10 -1 -3 8 -6 9 -11 2 -5 7 -9 3 -4 5 -7 6 -8 4}
L11a106:{1 -10 2 -11} {10 -1 3 -6 5 -8 7 -9 11 -2 9 -3 4 -5 8 -7 6 -4}
L11n106:{1 -10 2 -11} {10 -1 -3 8 -6 9 11 -2 -5 7 -9 3 -4 5 -7 6 -8 4}
L11a107:{1 -10 2 -11} {10 -1 4 -7 5 -8 6 -9 11 -2 3 -4 7 -5 8 -6 9 -3}
L11n107:{1 -10 -2 11} {10 -1 -6 5 -7 4 -11 2 -3 9 -8 6 -4 3 -9 7 -5 8}
L11a108:{1 -10 2 -11} {10 -1 4 -6 5 -7 8 -9 11 -2 3 -4 6 -5 9 -8 7 -3}
L11n108:{1 -10 2 -11} {10 -1 -6 5 -7 4 11 -2 -3 9 -8 6 -4 3 -9 7 -5 8}
L11a109:{1 -10 2 -11} {10 -1 4 -5 7 -8 6 -9 11 -2 3 -4 9 -7 8 -6 5 -3}
L11n109:{1 -10 2 -11} {10 -1 -3 9 -7 8 11 -2 -5 6 -8 7 -9 3 -4 5 -6 4}
L11a110:{1 -10 2 -11} {10 -1 3 -7 4 -8 5 -9 6 -2 11 -3 7 -4 8 -5 9 -6}
L11n110:{1 -10 -2 11} {10 -1 -3 6 -5 9 -7 2 -11 8 -9 7 -8 3 -4 5 -6 4}
L11a111:{1 -10 2 -11} {10 -1 3 -6 4 -7 8 -9 5 -2 11 -3 6 -4 9 -8 7 -5}
L11n111:{1 -10 -2 11} {10 -1 -3 6 -5 -9 7 2 -11 -8 9 -7 8 3 -4 5 -6 4}
L11a112:{1 -10 2 -11} {10 -1 3 -5 7 -8 6 -9 4 -2 11 -3 9 -7 8 -6 5 -4}
L11n112:{1 -10 2 -11} {10 -1 -3 6 -5 9 -7 -2 11 8 -9 7 -8 3 -4 5 -6 4}
L11a113:{1 -10 2 -11} {10 -1 3 -5 6 -8 4 -9 11 -2 9 -3 7 -6 8 -7 5 -4}
L11n113:{1 -10 2 -11} {10 -1 -3 6 -5 -9 7 -2 11 -8 9 -7 8 3 -4 5 -6 4}
L11a114:{1 -10 2 -11} {10 -1 3 -7 8 -9 5 -6 4 -2 11 -3 9 -8 7 -4 6 -5}
L11n114:{1 -10 2 -11} {10 -1 3 -6 5 9 -7 -2 11 8 -9 7 -8 -3 4 -5 6 -4}
L11a115:{1 -10 2 -11} {10 -1 3 -8 6 -7 5 -9 11 -2 9 -3 4 -5 7 -6 8 -4}
L11n115:{1 -10 2 -11} {10 -1 3 -9 -7 8 11 -2 -6 7 -8 6 4 -5 9 -3 5 -4}
L11a116:{1 -10 2 -11} {10 -1 4 -5 6 -9 7 -8 11 -2 3 -4 8 -7 9 -6 5 -3}
L11n116:{1 -10 8 -6} {7 -1 -2 11 10 -7 9 -8 4 -5 -11 2 3 -4 5 -3 6 -9}
L11a117:{1 -10 2 -11} {10 -1 3 -5 6 -9 7 -8 4 -2 11 -3 8 -7 9 -6 5 -4}
L11n117:{1 -10 8 -6} {7 -1 2 -11 10 -7 9 -8 -4 5 11 -2 -3 4 -5 3 6 -9}
L11a118:{1 -10 2 -11} {10 -1 6 -5 3 -8 4 -7 11 -2 8 -3 9 -6 7 -4 5 -9}
L11n118:{1 -10 -2 11} {10 -1 -6 5 -3 8 -4 7 -11 2 -8 3 -9 6 -7 4 -5 9}
L11a119:{1 -10 2 -11} {10 -1 3 -9 7 -6 5 -8 11 -2 8 -7 9 -3 4 -5 6 -4}
L11n119:{1 -10 -2 11} {10 -1 -6 5 3 -8 -4 7 -11 2 8 -3 -9 6 -7 4 -5 9}
L11a120:{1 -10 2 -11} {10 -1 4 -9 8 -5 6 -7 11 -2 3 -8 9 -4 7 -6 5 -3}
L11n120:{1 -10 2 -11} {10 -1 -6 5 -3 8 -4 7 11 -2 -8 3 -9 6 -7 4 -5 9}
L11a121:{1 -10 2 -11} {10 -1 3 -6 5 -9 8 -7 11 -2 9 -8 7 -3 4 -5 6 -4}
L11n121:{1 -10 2 -11} {10 -1 -6 5 3 -8 -4 7 11 -2 8 -3 -9 6 -7 4 -5 9}
L11a122:{1 -10 2 -11} {10 -1 3 -6 5 -9 7 -8 11 -2 8 -7 9 -3 4 -5 6 -4}
L11n122:{1 -10 2 -11} {10 -1 -6 5 3 -8 -4 7 11 -2 8 -3 9 6 -7 4 -5 -9}
L11a123:{1 -10 2 -11} {10 -1 6 -8 7 -9 3 -4 11 -2 4 -3 5 -6 8 -7 9 -5}
L11n123:{1 -10 2 -11} {10 -1 6 -5 -3 8 4 -7 11 -2 -8 3 9 -6 7 -4 5 -9}
L11a124:{1 -10 2 -11} {10 -1 6 -7 8 -9 3 -4 11 -2 4 -3 5 -6 9 -8 7 -5}
L11n124:{1 -10 -2 11} {10 -1 -4 5 -3 8 -7 6 -11 2 -8 9 -5 4 -6 7 -9 3}
L11a125:{1 -10 2 -11} {10 -1 3 -6 4 -7 5 -9 8 -2 11 -8 9 -3 6 -4 7 -5}
L11n125:{1 -10 2 -11} {10 -1 -4 5 -3 8 -7 6 11 -2 -8 9 -5 4 -6 7 -9 3}
L11a126:{1 -10 2 -11} {10 -1 3 -5 6 -7 4 -9 8 -2 11 -8 9 -3 7 -6 5 -4}
L11n126:{1 -4 2 5 -6 -8} {4 -1 3 -2 -7 6 10 -9 -5 7 8 -11 9 -10 11 -3}
L11a127:{1 -10 2 -11} {10 -1 4 -5 3 -8 7 -6 11 -2 8 -9 5 -4 6 -7 9 -3}
L11n127:{1 -4 2 -5 -6 8} {4 -1 3 -2 -7 6 10 -9 5 7 -8 -11 9 -10 11 -3}
L11a128:{1 -10 2 -11} {10 -1 8 -9 3 -5 4 -6 11 -2 6 -3 5 -4 7 -8 9 -7}
L11n128:{1 -4 2 5 -6 -8} {4 -1 3 -2 7 6 -10 9 -5 -7 8 11 -9 10 -11 -3}
L11a129:{1 -10 2 -11} {10 -1 8 -9 3 -6 4 -5 11 -2 5 -4 6 -3 7 -8 9 -7}
L11n129:{1 -4 2 -5 -6 8} {4 -1 3 -2 7 6 -10 9 5 -7 -8 11 -9 10 -11 -3}
L11a130:{1 -10 2 -11} {10 -1 3 -5 4 -9 6 -8 7 -2 11 -6 8 -7 9 -3 5 -4}
L11n130:{1 4 -3 10 -5 -6} {6 -1 -7 3 -2 5 -8 11 -9 7 -4 2 -10 8 -11 9}
L11a131:{1 -10 2 -11} {10 -1 3 -5 4 -9 6 -8 7 -2 11 -7 8 -6 9 -3 5 -4}
L11n131:{1 4 -3 10 -5 -6} {6 -1 7 3 -2 5 8 -11 9 -7 -4 2 -10 -8 11 -9}
L11a132:{1 -10 2 -11} {10 -1 3 -9 4 -8 5 -7 6 -2 11 -6 7 -5 8 -4 9 -3}
L11n132:{1 4 -3 -10 5 -6} {6 -1 -7 3 2 -5 -8 11 -9 7 -4 -2 10 8 -11 9}
L11a133:{1 -10 5 -3} {4 -1 2 -11 10 -4 6 -9 8 -5 11 -2 3 -6 7 -8 9 -7}
L11n133:{1 -4 -3 10 5 -6} {6 -1 -7 3 2 -5 -8 11 -9 7 4 -2 -10 8 -11 9}
L11a134:{1 -10 5 -3} {4 -1 2 -11 10 -4 8 -9 6 -5 11 -2 3 -6 7 -8 9 -7}
L11n134:{1 4 -3 -10 5 -6} {6 -1 -7 3 2 -5 8 -11 9 7 -4 -2 10 -8 11 -9}
L11a135:{1 -2 3 -8} {4 -1 10 -11 2 -4 5 -7 6 -3 9 -10 11 -9 8 -5 7 -6}
L11n135:{1 4 -3 -10 5 -6} {6 -1 7 3 -2 -5 8 -11 9 -7 -4 2 10 -8 11 -9}
L11a136:{1 -2 3 -8} {4 -1 10 -11 2 -4 5 -7 6 -3 9 -10 11 -9 8 -6 7 -5}
L11n136:{1 -4 -3 10 5 -6} {6 -1 7 3 -2 -5 8 -11 9 -7 4 2 -10 -8 11 -9}
L11a137:{1 -2 3 -6} {4 -1 8 -10 9 -11 2 -4 5 -3 7 -8 10 -9 11 -7 6 -5}
L11n137:{1 -4 3 -10 5 -6} {6 -1 7 -3 2 -5 -8 11 -9 -7 4 -2 10 8 -11 9}
L11a138:{1 -2 3 -6} {4 -1 8 -9 10 -11 2 -4 5 -3 7 -8 11 -10 9 -7 6 -5}
L11n138:{1 4 -3 11 -5 -6} {6 -1 -7 3 -2 5 -9 10 -8 7 -4 2 -11 8 -10 9}
L11a139:{1 -4 2 -5 6 -8} {4 -1 3 -2 7 -6 10 -9 5 -7 8 -11 9 -10 11 -3}
L11n139:{1 4 -3 11 -5 -6} {6 -1 7 3 -2 5 9 -10 8 -7 -4 2 -11 -8 10 -9}
L11a140:{1 -4 2 -7 6 -11} {4 -1 3 -2 5 -6 9 -8 11 -5 7 -10 8 -9 10 -3}
L11n140:{1 4 -3 -11 5 -6} {6 -1 -7 3 2 -5 -9 10 -8 7 -4 -2 11 8 -10 9}
L11a141:{1 -4 3 -10 5 -6} {6 -1 7 -3 2 -5 8 -11 9 -7 4 -2 10 -8 11 -9}
L11n141:{1 -4 -3 11 5 -6} {6 -1 -7 3 2 -5 -9 10 -8 7 4 -2 -11 8 -10 9}
L11a142:{1 -4 3 -11 5 -6} {6 -1 7 -3 2 -5 9 -10 8 -7 4 -2 11 -8 10 -9}
L11n142:{1 4 -3 -11 5 -6} {6 -1 -7 3 2 -5 9 -10 8 7 -4 -2 11 -8 10 -9}
L11a143:{1 -11 6 -7 5 -3} {3 -1 2 -6 8 -5 9 -10 7 -8 11 -2 4 -9 10 -4}
L11n143:{1 4 -3 -11 5 -6} {6 -1 7 3 -2 -5 9 -10 8 -7 -4 2 11 -8 10 -9}
L11a144:{1 -2 3 -10 8 -6} {4 -1 2 -3 7 -8 5 -4 9 -11 10 -7 6 -5 11 -9}
L11n144:{1 -4 -3 11 5 -6} {6 -1 7 3 -2 -5 9 -10 8 -7 4 2 -11 -8 10 -9}
L11a145:{1 -2 3 -6 5 -11} {7 -1 2 -3 4 -5 8 -7 9 -10 11 -4 6 -8 10 -9}
L11n145:{1 -4 3 -11 5 -6} {6 -1 7 -3 2 -5 -9 10 -8 -7 4 -2 11 8 -10 9}
L11a146:{1 -2 3 -11 9 -7} {4 -1 2 -3 8 -9 5 -10 6 -4 11 -8 7 -5 10 -6}
L11n146:{1 11 -6 7 -5 -3} {3 -1 -2 6 -8 5 -9 10 -7 8 -11 2 -4 9 -10 4}
L11a147:{1 -2 3 -6 5 -11} {7 -1 2 -3 4 -5 8 -10 9 -7 11 -4 6 -8 10 -9}
L11n147:{1 11 -6 7 -5 -3} {3 -1 2 6 -8 5 9 -10 -7 8 -11 -2 4 -9 10 -4}
L11a148:{1 -2 3 -6 5 -11} {8 -1 2 -3 4 -5 10 -7 9 -8 7 -10 6 -4 11 -9}
L11n148:{1 11 -6 -7 5 -3} {3 -1 -2 6 8 -5 -9 10 7 -8 -11 2 -4 9 -10 4}
L11a149:{1 -2 3 -11 10 -8} {5 -1 2 -3 9 -10 7 -4 6 -5 4 -7 8 -9 11 -6}
L11n149:{1 11 -6 -7 5 -3} {3 -1 -2 6 8 -5 9 -10 7 -8 -11 2 4 -9 10 -4}
L11a150:{1 -4 3 -11 7 -8} {2 -1 5 -3 6 -7 9 -5 4 -2 10 -6 11 -9 8 -10}
L11n150:{1 -11 -6 7 5 -3} {3 -1 2 6 -8 -5 9 -10 -7 8 11 -2 4 -9 10 -4}
L11a151:{1 -10 2 -9 3 -11} {10 -1 11 -2 4 -8 5 -3 9 -4 6 -7 8 -5 7 -6}
L11n151:{1 11 -6 -7 5 -3} {3 -1 2 6 -8 -5 9 -10 7 8 -11 -2 4 -9 10 -4}
L11a152:{1 -10 2 -5 4 -11} {10 -1 11 -2 6 -3 5 -4 8 -9 3 -6 7 -8 9 -7}
L11n152:{1 -11 6 -7 5 -3} {3 -1 2 -6 8 -5 -9 10 7 -8 11 -2 -4 9 -10 4}
L11a153:{1 -10 2 -5 4 -11} {10 -1 11 -2 9 -8 5 -4 3 -7 6 -9 8 -3 7 -6}
L11n153:{1 -2 3 -10 -8 6} {-4 -1 2 -3 7 8 -5 4 -9 11 10 -7 -6 5 -11 9}
L11a154:{1 -10 2 -5 4 -11} {10 -1 11 -2 8 -7 5 -4 3 -9 6 -8 7 -6 9 -3}
L11n154:{1 -2 3 -11 -9 7} {-4 -1 2 -3 8 9 -5 10 -6 4 11 -8 -7 5 -10 6}
L11a155:{1 -10 2 -9 3 -11} {10 -1 11 -2 4 -8 7 -3 9 -7 5 -6 8 -4 6 -5}
L11n155:{1 -2 3 -11 9 -7} {-4 -1 2 -3 8 -9 -5 10 -6 4 11 -8 7 5 -10 6}
L11a156:{1 -9 2 -10 4 -11} {9 -1 3 -2 10 -8 5 -4 11 -7 6 -5 8 -6 7 -3}
L11n156:{1 -2 3 6 -5 -11} {8 -1 2 -3 -4 5 10 -7 9 -8 7 -10 -6 4 11 -9}
L11a157:{1 -4 2 -9 10 -6} {4 -1 3 -2 6 -11 5 -10 9 -8 7 -5 11 -7 8 -3}
L11n157:{1 -2 3 -11 10 -8} {-5 -1 2 -3 9 -10 -7 4 -6 5 -4 7 8 -9 11 6}
L11a158:{1 -4 2 -7 6 -11} {4 -1 3 -2 5 -10 9 -6 7 -5 8 -9 10 -8 11 -3}
L11n158:{1 -4 -3 11 7 -8} {2 -1 5 3 -6 -7 9 -5 4 -2 10 6 -11 -9 8 -10}
L11a159:{1 -4 2 -5 6 -11} {4 -1 3 -2 7 -10 9 -6 11 -7 8 -9 10 -8 5 -3}
L11n159:{1 -4 3 -11 -7 8} {-2 -1 5 -3 -6 7 9 -5 4 2 -10 6 11 -9 -8 10}
L11a160:{1 -4 2 -7 6 -11} {4 -1 3 -2 9 -10 5 -6 7 -5 8 -9 10 -8 11 -3}
L11n160:{1 -4 3 11 -7 -8} {2 -1 5 -3 -6 7 9 -5 4 -2 10 6 -11 -9 8 -10}
L11a161:{1 -4 2 -5 6 -11} {4 -1 3 -2 9 -10 7 -6 11 -7 8 -9 10 -8 5 -3}
L11n161:{1 -4 3 11 -7 -8} {2 -1 5 -3 6 7 -9 -5 4 -2 10 -6 -11 9 8 -10}
L11a162:{1 -2 3 -7 6 -4} {4 -1 2 -3 5 -11 8 -6 7 -5 9 -10 11 -8 10 -9}
L11n162:{1 -10 2 -5 4 -11} {10 -1 11 -2 -6 3 5 -4 -8 9 -3 6 -7 8 -9 7}
L11a163:{1 -2 3 -11 4 -10} {10 -1 2 -3 5 -9 11 -4 7 -8 9 -5 6 -7 8 -6}
L11n163:{1 -10 2 -5 4 -11} {10 -1 11 -2 -6 3 5 -4 8 -9 -3 6 7 -8 9 -7}
L11a164:{1 -2 3 -11 4 -10} {10 -1 2 -3 6 -7 11 -4 5 -9 8 -6 7 -5 9 -8}
L11n164:{1 -10 2 -5 4 -11} {10 -1 11 -2 6 -3 5 -4 -8 9 3 -6 -7 8 -9 7}
L11a165:{1 -2 3 -11 4 -10} {10 -1 2 -3 6 -7 11 -4 8 -9 5 -6 7 -5 9 -8}
L11n165:{1 -10 2 -5 4 -11} {10 -1 11 -2 -9 8 5 -4 -3 7 -6 9 -8 3 -7 6}
L11a166:{1 -2 3 -7 6 -4} {4 -1 2 -3 8 -11 5 -6 7 -5 9 -10 11 -8 10 -9}
L11n166:{1 -2 3 -11 4 -10} {10 -1 2 -3 -5 9 11 -4 -7 8 -9 5 -6 7 -8 6}
L11a167:{1 -11 5 -7 6 -3} {3 -1 2 -5 7 -10 4 -6 11 -2 8 -9 10 -4 9 -8}
L11n167:{1 -2 3 -11 4 -10} {10 -1 2 -3 -5 9 11 -4 7 -8 -9 5 6 -7 8 -6}
L11a168:{1 -4 3 -11 5 -6} {6 -1 7 -3 2 -9 8 -5 10 -7 4 -2 9 -8 11 -10}
L11n168:{1 -2 3 -11 4 -10} {10 -1 2 -3 5 -9 11 -4 -7 8 9 -5 -6 7 -8 6}
L11a169:{1 -4 3 -11 5 -6} {6 -1 7 -3 2 -10 8 -5 9 -7 4 -8 10 -2 11 -9}
L11n169:{1 -2 3 -11 4 -10} {10 -1 2 -3 -6 7 11 -4 -5 9 -8 6 -7 5 -9 8}
L11a170:{1 -11 2 -10 5 -6} {3 -1 8 -2 9 -3 6 -5 4 -7 10 -8 11 -9 7 -4}
L11n170:{1 -4 3 -11 5 -6} {6 -1 7 -3 -2 9 -8 -5 10 -7 4 2 -9 8 11 -10}
L11a171:{1 -11 5 -10 3 -9} {6 -1 2 -5 4 -6 7 -3 9 -7 8 -4 11 -2 10 -8}
L11n171:{1 -4 3 -11 5 -6} {6 -1 7 -3 -2 10 -8 -5 9 -7 4 8 -10 2 11 -9}
L11a172:{1 -2 3 -11 8 -6} {4 -1 2 -3 7 -10 9 -8 5 -4 11 -7 10 -9 6 -5}
L11n172:{1 11 -2 -10 5 -6} {3 -1 -8 2 9 -3 6 -5 4 -7 10 8 -11 -9 7 -4}
L11a173:{1 -2 3 -6 5 -11} {7 -1 2 -3 9 -10 4 -5 8 -7 11 -9 10 -4 6 -8}
L11n173:{1 -11 2 -10 5 -6} {3 -1 8 -2 9 -3 6 -5 -4 7 10 -8 11 -9 -7 4}
L11a174:{1 -2 3 -11 8 -6} {4 -1 2 -3 7 -10 9 -8 5 -4 11 -9 10 -7 6 -5}
L11n174:{1 11 -5 -10 3 -9} {-6 -1 2 5 -4 6 7 -3 9 -7 -8 4 -11 -2 10 8}
L11a175:{1 -2 3 -6 5 -10} {7 -1 2 -3 4 -11 9 -5 8 -7 10 -9 11 -4 6 -8}
L11n175:{1 11 -5 -10 3 -9} {6 -1 -2 5 4 -6 7 -3 9 -7 8 -4 -11 2 10 -8}
L11a176:{1 -11 4 -8 5 -10} {6 -1 2 -4 8 -9 3 -5 7 -6 11 -2 9 -3 10 -7}
L11n176:{1 11 -5 -10 3 -9} {6 -1 2 5 -4 -6 7 -3 9 -7 8 4 -11 -2 10 -8}
L11a177:{1 -11 2 -9 8 -10} {3 -1 4 -2 5 -7 9 -8 6 -3 10 -4 11 -5 7 -6}
L11n177:{1 -11 5 -10 -3 9} {-6 -1 2 -5 4 6 -7 3 -9 7 -8 -4 11 -2 10 8}
L11a178:{1 -11 2 -9 6 -10} {3 -1 4 -2 9 -8 7 -6 5 -3 10 -7 8 -4 11 -5}
L11n178:{1 -11 -4 8 -5 10} {-6 -1 2 4 -8 9 -3 5 -7 6 11 -2 -9 3 -10 7}
L11a179:{1 -11 8 -6 5 -3} {4 -1 2 -8 9 -7 6 -5 10 -4 7 -9 11 -2 3 -10}
L11n179:{1 -11 -2 9 6 -10} {3 -1 4 2 -9 -8 7 -6 5 -3 10 -7 8 -4 11 -5}
L11a180:{1 -11 2 -10 3 -9} {4 -1 7 -2 8 -6 9 -3 6 -4 5 -8 10 -7 11 -5}
L11n180:{1 -11 -2 10 -3 9} {4 -1 -7 2 -8 6 -9 3 -6 -4 5 8 -10 7 11 -5}
L11a181:{1 -11 5 -10 3 -9} {4 -1 2 -5 7 -8 6 -3 9 -4 8 -7 11 -2 10 -6}
L11n181:{1 -11 -2 10 -3 9} {4 -1 7 2 -8 6 -9 3 -6 -4 5 8 -10 -7 11 -5}
L11a182:{1 -11 5 -8 7 -3} {4 -1 2 -5 9 -6 8 -7 6 -9 10 -4 11 -2 3 -10}
L11n182:{1 11 -5 -10 3 -9} {4 -1 -2 5 7 -8 6 -3 9 -4 8 -7 -11 2 10 -6}
L11a183:{1 -11 2 -9 6 -10} {3 -1 4 -2 7 -8 9 -6 8 -7 5 -3 10 -4 11 -5}
L11n183:{1 -11 -5 8 -7 3} {-4 -1 2 5 -9 6 -8 7 -6 9 -10 4 11 -2 -3 10}
L11a184:{1 -11 5 -10 3 -9} {4 -1 2 -5 6 -8 7 -3 9 -7 8 -4 11 -2 10 -6}
L11n184:{1 11 -5 8 -7 -3} {4 -1 -2 5 -9 6 -8 7 -6 9 10 -4 -11 2 3 -10}
L11a185:{1 -10 2 -5 4 -11} {10 -1 11 -2 6 -9 8 -3 5 -4 3 -6 7 -8 9 -7}
L11n185:{1 -11 -5 8 -7 3} {4 -1 -2 5 -9 6 -8 7 -6 9 10 -4 11 2 -3 -10}
L11a186:{1 -10 2 -5 4 -11} {10 -1 11 -2 7 -9 8 -6 5 -4 3 -7 9 -8 6 -3}
L11n186:{1 -9 2 -10 8 -11} {9 -1 3 -7 10 -2 -5 6 7 -8 11 -3 -4 5 -6 4}
L11a187:{1 -10 2 -5 4 -11} {10 -1 11 -2 6 -9 3 -8 5 -4 7 -6 8 -3 9 -7}
L11n187:{1 -9 2 -10 8 -11} {9 -1 5 -6 3 -2 10 7 -4 -8 11 -5 6 4 -7 -3}
L11a188:{1 -10 2 -9 3 -11} {10 -1 11 -2 4 -7 5 -8 6 -3 9 -4 7 -5 8 -6}
L11n188:{1 -10 2 -8 3 -11} {10 -1 -7 9 11 -2 4 -6 5 -3 8 -5 -9 7 6 -4}
L11a189:{1 -10 2 -9 3 -11} {10 -1 11 -2 4 -6 7 -8 5 -3 9 -4 8 -7 6 -5}
L11n189:{1 -9 2 -10 -5 11} {9 -1 3 -4 10 -2 4 8 -6 5 -11 7 -8 6 -7 -3}
L11a190:{1 -10 2 -5 4 -11} {10 -1 11 -2 8 -9 6 -3 5 -4 3 -6 7 -8 9 -7}
L11n190:{1 -9 2 -10 -5 11} {9 -1 3 -4 10 -2 4 -8 6 5 -11 -7 8 -6 7 -3}
L11a191:{1 -10 2 -9 3 -11} {10 -1 11 -2 4 -6 5 -8 7 -3 9 -7 8 -4 6 -5}
L11n191:{1 -9 2 -10 5 -11} {9 -1 3 -4 10 -2 4 8 -6 -5 11 7 -8 6 -7 -3}
L11a192:{1 -10 2 -9 3 -11} {10 -1 11 -2 4 -8 5 -7 6 -3 9 -6 7 -5 8 -4}
L11n192:{1 -10 11 -3 4 -6} {3 -1 2 9 -8 -11 10 -2 5 -4 6 -5 -7 8 -9 7}
L11a193:{1 -9 2 -10 4 -11} {9 -1 3 -2 10 -8 5 -7 6 -4 11 -5 7 -6 8 -3}
L11n193:{1 -9 10 -3 4 -5} {3 -1 -2 11 9 -10 7 -8 5 -4 6 -7 -11 2 8 -6}
L11a194:{1 -9 2 -10 4 -11} {9 -1 3 -2 10 -8 5 -7 6 -4 11 -6 7 -5 8 -3}
L11n194:{1 -7 8 -9 2 -11} {9 -1 -3 4 7 -8 10 -6 5 -2 11 -5 6 3 -4 -10}
L11a195:{1 -4 2 -9 10 -6} {4 -1 3 -2 6 -11 5 -8 7 -10 9 -5 8 -7 11 -3}
L11n195:{1 -2 3 -6 4 -5} {5 -1 -8 9 2 -3 7 -11 6 -4 10 8 -9 -7 11 -10}
L11a196:{1 -4 2 -8 9 -6} {4 -1 3 -2 6 -11 5 -10 7 -9 8 -7 10 -5 11 -3}
L11n196:{1 -9 2 -10 8 -11} {9 -1 4 -5 10 -2 -3 7 -6 -4 11 -8 5 3 -7 6}
L11a197:{1 -9 2 -10 4 -11} {9 -1 3 -2 5 -7 10 -8 6 -4 7 -5 11 -6 8 -3}
L11n197:{1 -9 2 -10 -5 11} {9 -1 3 -4 10 -2 4 8 -7 6 -11 5 -8 7 -6 -3}
L11a198:{1 -4 2 -10 8 -6} {4 -1 3 -2 7 -9 6 -11 5 -8 9 -7 10 -5 11 -3}
L11n198:{1 -10 2 9 -3 7 -4 -11} {10 -1 11 -2 6 3 -5 4 8 -6 -9 5 -7 -8}
L11a199:{1 -2 3 -11 4 -10} {10 -1 2 -3 5 -8 7 -9 11 -4 9 -5 6 -7 8 -6}
L11n199:{1 -10 2 -9 -3 7 4 -11} {10 -1 11 -2 -6 3 5 -4 -8 6 9 -5 -7 8}
L11a200:{1 -2 3 -11 4 -10} {10 -1 2 -3 6 -8 7 -9 11 -4 5 -6 8 -7 9 -5}
L11n200:{1 -10 2 9 -3 -7 4 -11} {10 -1 11 -2 -6 3 5 -4 8 6 -9 -5 7 -8}
L11a201:{1 -2 3 -11 4 -10} {10 -1 2 -3 6 -7 8 -9 11 -4 5 -6 9 -8 7 -5}
L11n201:{1 -10 2 -9 -3 7 4 -11} {10 -1 11 -2 6 3 -5 -4 8 -6 9 5 -7 -8}
L11a202:{1 -2 3 -7 6 -4} {4 -1 2 -3 5 -10 8 -11 9 -6 7 -5 10 -8 11 -9}
L11n202:{1 4 -5 11 -7 -8 2 -10} {8 -1 -3 5 -6 7 -9 -2 10 3 -4 6 -11 9}
L11a203:{1 -2 3 -7 6 -4} {4 -1 2 -3 5 -9 10 -11 8 -6 7 -5 11 -10 9 -8}
L11n203:{1 4 -5 11 -7 -8 2 -10} {8 -1 3 5 -6 7 9 -2 10 -3 -4 6 -11 -9}
L11a204:{1 -2 3 -11 4 -10} {10 -1 2 -3 8 -9 5 -6 11 -4 6 -5 7 -8 9 -7}
L11n204:{1 -4 -5 11 7 -8 -2 10} {8 -1 -3 5 6 -7 -9 2 -10 3 4 -6 -11 9}
L11a205:{1 -2 3 -7 6 -4} {4 -1 2 -3 8 -10 9 -11 5 -6 7 -5 11 -8 10 -9}
L11n205:{1 -4 -5 11 7 -8 -2 10} {8 -1 3 5 -6 -7 9 2 -10 -3 4 6 -11 -9}
L11a206:{1 -2 3 -7 6 -4} {4 -1 2 -3 8 -11 9 -10 5 -6 7 -5 10 -9 11 -8}
L11n206:{1 4 -5 -11 7 -8 2 -10} {8 -1 3 5 -6 -7 9 -2 10 -3 -4 6 11 -9}
L11a207:{1 -11 7 -6 5 -3} {3 -1 2 -7 10 -9 11 -2 4 -5 8 -10 9 -8 6 -4}
L11n207:{1 -2 3 6 -4 7 -8 -9} {9 -1 2 -3 -10 4 -11 8 -5 10 -6 11 -7 5}
L11a208:{1 -11 5 -7 6 -3} {3 -1 2 -5 7 -9 4 -10 8 -6 11 -2 9 -4 10 -8}
L11n208:{1 -2 3 6 -4 7 -8 -9} {9 -1 2 -3 10 4 -11 8 5 -10 -6 11 -7 -5}
L11a209:{1 -11 5 -7 6 -3} {3 -1 2 -5 7 -8 9 -10 4 -6 11 -2 10 -9 8 -4}
L11n209:{1 -2 3 6 -4 -7 8 -9} {9 -1 2 -3 -10 4 11 -8 5 10 -6 -11 7 -5}
L11a210:{1 -11 8 -5 6 -3} {3 -1 2 -8 9 -7 5 -10 4 -6 7 -9 11 -2 10 -4}
L11n210:{1 -2 3 -6 -4 7 8 -9} {9 -1 2 -3 10 4 -11 -8 5 -10 6 11 -7 -5}
L11a211:{1 -2 3 -10 4 -11} {5 -1 2 -3 8 -9 10 -5 6 -4 7 -8 9 -7 11 -6}
L11n211:{1 -6 -4 5 -3 11 7 -8} {8 -1 9 4 -5 3 -2 -7 10 -9 6 2 -11 -10}
L11a212:{1 -2 3 -11 7 -5} {4 -1 2 -3 8 -9 5 -4 10 -7 6 -8 9 -6 11 -10}
L11n212:{1 -4 -3 11 5 -9 6 -7} {7 -1 8 3 -2 -5 9 -6 10 -8 4 2 -11 -10}
L11a213:{1 -9 2 -10 8 -11} {9 -1 3 -7 10 -2 5 -6 7 -8 11 -3 4 -5 6 -4}
L11n213:{1 -2 3 -10 4 -11 -9 7} {-5 -1 2 -3 10 -4 8 9 -6 5 11 -8 -7 6}
L11a214:{1 -10 2 -6 4 -11} {10 -1 5 -7 11 -2 9 -8 6 -4 7 -5 3 -9 8 -3}
L11n214:{1 -2 3 -11 -8 10 -9 6} {-4 -1 2 -3 7 8 -10 9 -5 4 11 -7 -6 5}
L11a215:{1 -9 2 -10 8 -11} {9 -1 5 -6 3 -2 10 -7 4 -8 11 -5 6 -4 7 -3}
L11n215:{1 -11 2 -10 3 -9 -8 6} {-4 -1 10 -2 11 -3 7 8 -5 4 9 -7 -6 5}
L11a216:{1 -10 2 -5 4 -11} {10 -1 8 -9 11 -2 6 -3 5 -4 3 -6 7 -8 9 -7}
L11n216:{1 -10 2 -9 4 -8 3 -11} {10 -1 11 -2 7 -4 8 6 -5 -3 9 -7 -6 5}
L11a217:{1 -10 2 -8 3 -11} {10 -1 7 -9 11 -2 4 -6 5 -3 8 -5 9 -7 6 -4}
L11n217:{1 5 -3 6 -7 10 -11 -2} {2 -1 -9 3 -8 7 -4 9 -5 11 -10 8 -6 4}
L11a218:{1 -9 2 -10 6 -11} {9 -1 3 -5 4 -2 10 -8 7 -6 11 -7 8 -3 5 -4}
L11n218:{1 5 -3 6 -7 10 -11 -2} {2 -1 9 3 -8 7 4 -9 -5 11 -10 8 -6 -4}
L11a219:{1 -6 2 -9 10 -8} {6 -1 3 -5 4 -2 8 -11 7 -10 9 -7 11 -3 5 -4}
L11n219:{1 5 -3 -6 7 10 -11 -2} {2 -1 9 3 -8 -7 4 -9 -5 11 -10 8 6 -4}
L11a220:{1 -9 2 -10 5 -11} {9 -1 3 -4 10 -2 4 -8 6 -5 11 -7 8 -6 7 -3}
L11n220:{1 -5 -3 6 7 -10 11 -2} {2 -1 -9 3 8 -7 -4 9 5 -11 10 -8 -6 4}
L11a221:{1 -10 2 -8 3 -11} {10 -1 7 -9 11 -2 4 -6 5 -3 8 -5 6 -4 9 -7}
L11n221:{1 -5 3 6 -7 -10 11 -2} {2 -1 9 -3 -8 7 4 -9 5 -11 10 8 -6 -4}
L11a222:{1 -9 2 -10 6 -11} {9 -1 3 -5 4 -2 10 -8 7 -6 11 -7 8 -4 5 -3}
L11n222:{1 -2 3 -6 -5 9 -10 11} {7 -1 2 -3 -4 5 8 -7 -9 10 -11 4 6 -8}
L11a223:{1 -10 11 -3 4 -6} {3 -1 2 -9 8 -11 10 -2 5 -4 6 -5 7 -8 9 -7}
L11n223:{1 -2 3 7 -8 -11 4 -10} {5 -1 2 -3 -9 8 6 -5 10 -4 11 9 -7 -6}
L11a224:{1 -5 6 -7 2 -10} {7 -1 3 -4 5 -6 8 -11 9 -2 10 -3 4 -8 11 -9}
L11n224:{1 -11 -2 8 -6 9 -7 10} {3 -1 4 2 -8 6 5 -3 -9 7 -10 -4 11 -5}
L11a225:{1 -5 6 -7 2 -11} {7 -1 3 -4 5 -6 9 -10 8 -2 11 -3 4 -8 10 -9}
L11n225:{1 11 -2 7 -6 -8 9 -10} {3 -1 -4 2 -7 6 5 -3 10 -9 8 4 -11 -5}
L11a226:{1 -9 10 -3 4 -5} {3 -1 2 -11 9 -10 7 -8 5 -4 6 -7 11 -2 8 -6}
L11n226:{1 -11 -7 9 8 -3 -4 5} {3 -1 2 7 -9 -10 6 -8 11 -2 -5 4 10 -6}
L11a227:{1 -9 10 -3 4 -6} {3 -1 2 -11 9 -10 7 -5 6 -4 5 -8 11 -2 8 -7}
L11n227:{1 -4 2 9 -10 -6 7 -8} {4 -1 3 -2 6 -7 8 11 -5 10 -9 5 -11 -3}
L11a228:{1 -7 8 -9 2 -11} {9 -1 3 -4 7 -8 10 -6 5 -2 11 -5 6 -3 4 -10}
L11n228:{1 -2 3 9 -10 -6 7 -8} {-5 -1 2 -3 6 -7 8 11 -4 10 -9 5 -11 4}
L11a229:{1 -2 3 -6 4 -5} {5 -1 8 -9 2 -3 7 -11 6 -4 10 -8 9 -7 11 -10}
L11n229:{1 -2 3 -11 4 -10 -5 7} {10 -1 2 -3 -6 5 -7 6 8 -9 11 -4 9 -8}
L11a230:{1 -2 3 -8 4 -7} {7 -1 10 -11 2 -3 5 -6 8 -4 6 -5 9 -10 11 -9}
L11n230:{1 11 -4 10 -3 6 -5 -9} {9 -1 -2 4 -6 5 -11 2 -7 8 -10 3 -8 7}
L11a231:{1 -9 2 -10 6 -11} {9 -1 4 -5 10 -2 3 -4 7 -8 11 -6 8 -7 5 -3}
L11n231:{1 -11 4 10 -3 -6 5 -9} {9 -1 2 -4 6 -5 11 -2 -7 8 -10 3 -8 7}
L11a232:{1 -10 2 -9 3 -11} {10 -1 8 -7 5 -2 11 -8 4 -5 6 -3 9 -6 7 -4}
L11n232:{1 -11 8 -6 5 10 -7 -3} {3 -1 2 -8 -9 7 -10 9 11 -2 4 -5 6 -4}
L11a233:{1 -10 2 -9 3 -11} {10 -1 8 -6 4 -2 11 -8 5 -7 6 -3 9 -4 7 -5}
L11n233:{1 -2 3 10 -11 -5 6 -7} {-4 -1 2 -3 5 -6 7 9 -8 4 -10 11 -9 8}
L11a234:{1 -10 2 -9 3 -11} {10 -1 7 -8 4 -2 11 -7 8 -6 5 -3 9 -5 6 -4}
L11n234:{1 -9 -3 4 -2 11 -6 10} {9 -1 -7 8 -10 3 -4 6 -8 7 -5 2 -11 5}
L11a235:{1 -9 2 -10 8 -11} {9 -1 4 -5 10 -2 3 -7 6 -4 11 -8 5 -3 7 -6}
L11n235:{1 -9 3 -4 -2 11 6 -10} {9 -1 7 -8 10 -3 4 -6 8 -7 -5 2 -11 5}
L11a236:{1 -9 2 -10 8 -11} {9 -1 4 -5 10 -2 6 -7 3 -4 11 -8 5 -3 7 -6}
L11n236:{1 -2 3 -11 6 -10 -7 9} {10 -1 2 -5 4 -3 -8 7 -9 8 11 -4 5 -6}
L11a237:{1 -9 2 -10 7 -11} {9 -1 5 -6 3 -2 10 -3 4 -5 8 -7 11 -8 6 -4}
L11n237:{1 -11 -2 9 3 -4 -8 10} {4 -1 5 -7 6 2 -9 8 -10 -6 7 -5 11 -3}
L11a238:{1 -9 2 -10 7 -11} {9 -1 4 -6 3 -2 10 -5 6 -4 8 -7 11 -8 5 -3}
L11n238:{1 -10 -4 5 -3 4 -2 11 -5 3} {10 -1 -6 9 -8 2 -11 6 -7 8 -9 7}
L11a239:{1 -9 2 -10 7 -11} {9 -1 3 -6 10 -2 4 -5 6 -8 11 -7 8 -3 5 -4}
L11n239:{1 -10 -4 5 -3 4 -2 11 -5 3} {10 -1 6 -9 8 2 -11 -6 7 -8 9 -7}
L11a240:{1 -9 2 -10 5 -11} {9 -1 3 -4 10 -2 4 -8 7 -6 11 -5 8 -7 6 -3}
L11n240:{1 -10 -4 5 -3 4 2 -11 -5 3} {10 -1 -6 9 -8 -2 11 6 -7 8 -9 7}
L11a241:{1 -9 2 -10 5 -11} {9 -1 3 -4 10 -2 4 -8 6 -7 11 -5 7 -6 8 -3}
L11n241:{1 -10 -4 5 -3 4 2 -11 -5 3} {10 -1 6 -9 8 -2 11 -6 7 -8 9 -7}
L11a242:{1 -9 2 -10 6 -11} {9 -1 3 -5 4 -2 10 -4 5 -8 7 -6 11 -7 8 -3}
L11n242:{1 -10 4 -5 3 -4 2 -11 5 -3} {10 -1 -6 9 -8 -2 11 6 -7 8 -9 7}
L11a243:{1 -6 2 -9 10 -8} {6 -1 3 -5 4 -2 8 -11 5 -4 7 -10 9 -7 11 -3}
L11n243:{1 -10 -4 5 -3 4 2 -11 -5 3} {10 -1 6 -9 11 -2 7 -8 9 -6 8 -7}
L11a244:{1 -8 3 -10 4 -11} {2 -1 11 -2 5 -3 7 -6 8 -5 9 -4 6 -7 10 -9}
L11n244:{1 5 -7 10 -3 11 -6 7 -4 -2} {2 -1 9 3 -8 6 -5 4 -10 8 -11 -9}
L11a245:{1 -3 5 -7 4 -10} {2 -1 10 -11 6 -5 9 -8 3 -2 11 -4 8 -9 7 -6}
L11n245:{1 5 -7 -10 3 -11 6 7 -4 -2} {2 -1 9 -3 8 -6 -5 4 10 -8 11 -9}
L11a246:{1 -10 2 -9 3 -7 4 -11} {10 -1 11 -2 6 -3 5 -4 8 -6 9 -5 7 -8}
L11n246:{1 10 -2 8 -3 7 -4 2 -5 -6} {6 -1 -7 3 -9 11 -8 4 -10 5 -11 9}
L11a247:{1 -4 2 -7 6 -10 9 -11} {4 -1 3 -2 5 -6 8 -9 10 -8 7 -5 11 -3}
L11n247:{1 10 -2 8 3 -7 -4 2 -5 -6} {6 -1 7 -3 -9 11 -8 4 -10 5 -11 9}
L11a248:{1 -4 2 -5 6 -8 9 -11} {4 -1 3 -2 7 -6 10 -9 11 -10 8 -7 5 -3}
L11n248:{1 -10 2 -8 3 -7 4 -2 5 -6} {6 -1 7 -3 -9 11 8 -4 10 -5 -11 9}
L11a249:{1 -4 5 -11 7 -8 2 -10} {8 -1 3 -5 6 -7 9 -2 10 -3 4 -6 11 -9}
L11n249:{1 11 -7 9 -3 4 -6 7 -2 -10} {-4 -1 10 3 -5 8 -9 2 -11 6 -8 5}
L11a250:{1 -2 3 -6 4 -7 8 -9} {9 -1 2 -3 10 -4 11 -8 5 -10 6 -11 7 -5}
L11n250:{1 11 -7 -9 3 -4 6 7 -2 -10} {4 -1 10 -3 5 -8 9 2 -11 -6 8 -5}
L11a251:{1 -6 4 -5 3 -11 7 -8} {8 -1 9 -4 5 -3 2 -7 10 -9 6 -2 11 -10}
L11n251:{1 -2 3 -8 9 -6 5 -3 10 -11} {-4 -1 2 -5 6 4 -7 -9 8 -10 11 7}
L11a252:{1 -4 3 -11 5 -9 6 -7} {7 -1 8 -3 2 -5 9 -6 10 -8 4 -2 11 -10}
L11n252:{1 -10 2 9 -4 -6 5 8 -3 -11} {10 -1 11 -2 -7 4 -8 3 -9 7 6 -5}
L11a253:{1 -2 3 -10 4 -11 9 -7} {5 -1 2 -3 10 -4 8 -9 6 -5 11 -8 7 -6}
L11n253:{1 -10 2 9 -4 -6 5 8 -3 -11} {10 -1 11 -2 7 4 -8 3 -9 -7 6 -5}
L11a254:{1 -2 3 -5 4 -8 7 -11} {9 -1 2 -3 5 -4 6 -7 10 -9 11 -6 8 -10}
L11n254:{1 -2 3 -10 4 -11 5 -9 -6 8} {9 -1 2 -3 10 -4 -7 6 -8 7 11 -5}
L11a255:{1 -2 3 -11 8 -10 9 -6} {4 -1 2 -3 7 -8 10 -9 5 -4 11 -7 6 -5}
L11n255:{1 -10 -2 11} {10 -1 -9 8} {-11 2 -3 6 -5 9 -8 3 -7 4 -6 5 -4 7}
L11a256:{1 -11 2 -10 3 -9 8 -6} {4 -1 10 -2 11 -3 7 -8 5 -4 9 -7 6 -5}
L11n256:{1 -10 -2 11} {10 -1 -9 8} {-11 2 3 -6 5 9 -8 -3 7 -4 6 -5 4 -7}
L11a257:{1 -11 2 -10 3 -6 5 -9} {7 -1 10 -2 11 -3 4 -5 8 -7 9 -4 6 -8}
L11n257:{1 -10 2 -11} {10 -1 9 -8} {11 -2 -3 6 -5 -9 8 3 -7 4 -6 5 -4 7}
L11a258:{1 -10 3 -4 2 -7 6 -11} {10 -1 11 -3 4 -2 9 -8 7 -6 5 -9 8 -5}
L11n258:{1 -10 -2 11} {10 -1 -3 4} {-11 2 -5 9 -4 3 -7 8 -9 5 -6 7 -8 6}
L11a259:{1 -10 3 -8 2 -9 4 -11} {10 -1 11 -3 8 -2 5 -7 6 -4 9 -5 7 -6}
L11n259:{1 -10 -2 11} {10 -1 -3 4} {-11 2 -5 9 -4 3 7 -8 -9 5 6 -7 8 -6}
L11a260:{1 -10 3 -8 2 -9 4 -11} {10 -1 11 -3 8 -2 5 -7 6 -4 9 -6 7 -5}
L11n260:{1 -10 -2 11} {10 -1 -3 4} {-11 2 5 -9 -4 3 -7 8 9 -5 -6 7 -8 6}
L11a261:{1 -10 2 -9 4 -8 3 -11} {10 -1 11 -2 7 -4 8 -6 5 -3 9 -7 6 -5}
L11n261:{1 -10 -2 11} {10 -1 -3 4} {-11 2 5 -9 -4 3 7 -8 9 -5 6 -7 8 -6}
L11a262:{1 -10 2 -9 3 -7 6 -11} {10 -1 11 -2 4 -3 8 -5 7 -6 5 -8 9 -4}
L11n262:{1 -10 2 -11} {10 -1 3 -4} {11 -2 -5 9 4 -3 -7 8 -9 5 -6 7 -8 6}
L11a263:{1 -8 2 -9 4 -10 5 -11} {8 -1 3 -2 9 -4 10 -7 6 -5 11 -6 7 -3}
L11n263:{1 -10 2 -11} {10 -1 3 -4} {11 -2 -5 9 4 -3 7 -8 -9 5 6 -7 8 -6}
L11a264:{1 -5 2 -6 4 -9 10 -8} {5 -1 3 -2 6 -4 8 -11 7 -10 9 -7 11 -3}
L11n264:{1 -10 2 -11} {10 -1 3 -4} {11 -2 5 -9 4 -3 -7 8 9 -5 -6 7 -8 6}
L11a265:{1 -7 2 -8 9 -10 4 -11} {7 -1 3 -2 10 -9 8 -6 5 -4 11 -5 6 -3}
L11n265:{1 -10 -2 11} {10 -1 -3 4} {-11 2 -5 9 -4 3 -6 8 -7 5 -9 6 -8 7}
L11a266:{1 -4 2 -5 6 -9 8 -11} {4 -1 3 -2 11 -6 10 -7 9 -8 7 -10 5 -3}
L11n266:{1 -10 -2 11} {10 -1 -3 4} {-11 2 5 -9 -4 3 6 -8 7 -5 9 -6 8 -7}
L11a267:{1 -4 2 -7 6 -10 9 -11} {4 -1 3 -2 5 -6 7 -5 8 -9 10 -8 11 -3}
L11n267:{1 -10 2 -11} {10 -1 3 -4} {11 -2 -5 9 4 -3 -6 8 -7 5 -9 6 -8 7}
L11a268:{1 -4 2 -7 6 -8 9 -11} {4 -1 3 -2 5 -6 7 -5 10 -9 11 -10 8 -3}
L11n268:{1 -10 -2 11} {10 -1 -3 4} {-11 2 -5 8 -7 9 -4 3 -6 5 -8 7 -9 6}
L11a269:{1 -2 3 -4 5 -8 7 -11} {4 -1 2 -3 11 -5 10 -9 8 -7 6 -10 9 -6}
L11n269:{1 -10 -2 11} {10 -1 -3 4} {-11 2 5 -8 7 -9 -4 3 6 -5 8 -7 9 -6}
L11a270:{1 -2 3 -4 5 -10 6 -11} {4 -1 2 -3 11 -5 7 -9 8 -6 10 -7 9 -8}
L11n270:{1 -10 2 -11} {10 -1 3 -4} {11 -2 -5 8 -7 9 4 -3 -6 5 -8 7 -9 6}
L11a271:{1 -2 3 -4 5 -10 6 -11} {4 -1 2 -3 11 -5 7 -9 8 -6 10 -8 9 -7}
L11n271:{1 -10 -2 11} {10 -1 -3 4} {-11 2 -5 7 -8 9 -4 3 -6 5 -9 8 -7 6}
L11a272:{1 -2 3 -4 5 -10 7 -11} {4 -1 2 -3 6 -5 10 -9 8 -7 11 -8 9 -6}
L11n272:{1 -10 -2 11} {10 -1 -3 4} {-11 2 5 -7 8 -9 -4 3 6 -5 9 -8 7 -6}
L11a273:{1 -2 3 -11 4 -5 6 -10} {5 -1 2 -3 11 -4 8 -9 10 -6 7 -8 9 -7}
L11n273:{1 -10 2 -11} {10 -1 3 -4} {11 -2 -5 7 -8 9 4 -3 -6 5 -9 8 -7 6}
L11a274:{1 -2 3 -11 4 -5 6 -10} {5 -1 2 -3 11 -4 7 -9 8 -6 10 -7 9 -8}
L11n274:{1 4 -3 -10} {-2 -1 5 3 -6 11} {-8 2 -4 -5 10 9 -7 6 -11 8 -9 7}
L11a275:{1 -2 3 -11 4 -5 6 -10} {5 -1 2 -3 11 -4 7 -9 8 -6 10 -8 9 -7}
L11n275:{1 -4 -3 10} {-2 -1 5 3 -6 11} {-8 2 4 -5 -10 9 -7 6 -11 8 -9 7}
L11a276:{1 -2 3 -10 4 -11 5 -9} {9 -1 2 -3 10 -4 7 -8 11 -5 6 -7 8 -6}
L11n276:{1 4 -3 -10} {-2 -1 5 3 -6 11} {8 2 -4 -5 10 -9 7 6 -11 -8 9 -7}
L11a277:{1 -2 3 -6 4 -9 8 -5} {5 -1 2 -3 6 -4 7 -11 10 -8 9 -7 11 -10}
L11n277:{1 -4 -3 10} {-2 -1 5 3 -6 11} {8 2 4 -5 -10 -9 7 6 -11 -8 9 -7}
L11a278:{1 -2 3 -6 4 -9 8 -5} {5 -1 2 -3 6 -4 10 -11 7 -8 9 -7 11 -10}
L11n278:{1 4 -3 -10} {-2 -1 5 3 6 -11} {-8 2 -4 -5 10 9 -7 -6 11 8 -9 7}
L11a279:{1 -2 3 -7 6 -9 8 -4} {4 -1 2 -3 5 -6 9 -11 10 -8 7 -5 11 -10}
L11n279:{1 -4 -3 10} {-2 -1 5 3 6 -11} {-8 2 4 -5 -10 9 -7 -6 11 8 -9 7}
L11a280:{1 -2 3 -7 6 -11 8 -4} {4 -1 2 -3 5 -6 9 -10 11 -8 10 -9 7 -5}
L11n280:{1 -4 3 -10} {-2 -1 5 -3 -6 11} {-8 2 4 -5 10 9 -7 6 -11 8 -9 7}
L11a281:{1 -5 3 -6 7 -10 11 -2} {2 -1 9 -3 8 -7 4 -9 5 -11 10 -8 6 -4}
L11n281:{1 -4 3 -10} {-2 -1 5 -3 -6 11} {8 2 4 -5 10 -9 7 6 -11 -8 9 -7}
L11a282:{1 -11 5 -8 7 -9 6 -3} {3 -1 2 -5 8 -7 9 -10 4 -6 11 -2 10 -4}
L11n282:{1 -4 3 -10} {-2 -1 5 -3 6 -11} {-8 2 4 -5 10 9 -7 -6 11 8 -9 7}
L11a283:{1 -11 5 -9 8 -7 6 -3} {3 -1 2 -5 7 -8 9 -10 4 -6 11 -2 10 -4}
L11n283:{1 -4 3 -10} {2 -1 5 -3 -6 11} {-8 -2 4 -5 10 9 -7 6 -11 8 -9 7}
L11a284:{1 -4 6 -7 5 -10 9 -3} {3 -1 2 -6 7 -5 11 -8 10 -9 8 -11 4 -2}
L11n284:{1 -4 3 -10} {2 -1 5 -3 6 -11} {-8 -2 4 -5 10 9 -7 -6 11 8 -9 7}
L11a285:{1 -2 3 -6 5 -9 10 -11} {7 -1 2 -3 4 -5 8 -7 9 -10 11 -4 6 -8}
L11n285:{1 4 -3 -6} {-2 -1 5 3 -8 9} {-10 2 -4 -5 6 10 -11 7 -9 8 -7 11}
L11a286:{1 -2 3 -7 8 -11 4 -10} {5 -1 2 -3 9 -8 6 -5 10 -4 11 -9 7 -6}
L11n286:{1 -4 -3 6} {-2 -1 5 3 -8 9} {-10 2 4 -5 -6 10 -11 7 -9 8 -7 11}
L11a287:{1 -11 2 -8 6 -9 7 -10} {3 -1 4 -2 8 -6 5 -3 9 -7 10 -4 11 -5}
L11n287:{1 -4 3 -6} {-2 -1 5 -3 -8 9} {-10 2 4 -5 6 10 -11 7 -9 8 -7 11}
L11a288:{1 -11 2 -7 6 -8 9 -10} {3 -1 4 -2 7 -6 5 -3 10 -9 8 -4 11 -5}
L11n288:{1 4 -3 -9} {-2 -1 5 3 -7 8} {-6 2 -4 -5 9 11 -10 6 -8 7 -11 10}
L11a289:{1 -4 2 -10 8 -9 6 -11} {4 -1 3 -2 5 -6 7 -8 9 -7 10 -5 11 -3}
L11n289:{1 -4 -3 9} {-2 -1 5 3 -7 8} {-6 2 4 -5 -9 11 -10 6 -8 7 -11 10}
L11a290:{1 -4 3 -11 6 -7 5 -8} {8 -1 9 -3 2 -5 7 -6 10 -9 4 -2 11 -10}
L11n290:{1 -4 3 -9} {-2 -1 5 -3 -7 8} {-6 2 4 -5 9 11 -10 6 -8 7 -11 10}
L11a291:{1 -11 2 -9 10 -8 7 -3} {3 -1 4 -2 5 -7 6 -10 9 -4 11 -5 8 -6}
L11n291:{1 4 -3 -7} {-9 -1 5 3 -6 8} {-2 9 -11 10 -4 -5 7 2 -8 11 -10 6}
L11a292:{1 -2 3 -11 9 -10 8 -6} {4 -1 2 -3 7 -8 10 -9 5 -4 11 -7 6 -5}
L11n292:{1 -4 -3 7} {-9 -1 5 3 -6 8} {-2 9 -11 10 4 -5 -7 2 -8 11 -10 6}
L11a293:{1 -2 3 -8 6 -7 5 -11} {9 -1 2 -3 4 -5 7 -6 10 -9 11 -4 8 -10}
L11n293:{1 -4 3 -7} {-9 -1 5 -3 -6 8} {-2 9 -11 10 4 -5 7 2 -8 11 -10 6}
L11a294:{1 -10 2 -6 5 -7 4 -11} {10 -1 11 -2 9 -8 6 -5 7 -4 3 -9 8 -3}
L11n294:{1 -10 2 -11} {10 -1 4 9 -7 -5} {-6 -2 11 -4 3 7 -8 6 -9 -3 5 8}
L11a295:{1 -10 2 -7 6 -5 4 -11} {10 -1 11 -2 9 -8 5 -6 7 -4 3 -9 8 -3}
L11n295:{1 -10 2 -11} {10 -1 4 -9 -7 5} {-6 -2 11 -4 3 7 -8 6 9 -3 -5 8}
L11a296:{1 -10 2 -9 4 -8 3 -11} {10 -1 11 -2 5 -7 6 -4 8 -3 9 -5 7 -6}
L11n296:{1 -10 2 -11} {10 -1 4 9 -7 -5} {6 -2 11 -4 -3 7 8 -6 -9 3 5 -8}
L11a297:{1 -10 2 -7 4 -8 5 -11} {10 -1 11 -2 9 -3 7 -4 6 -5 8 -6 3 -9}
L11n297:{1 -10 2 -11} {10 -1 4 -9 -7 5} {6 -2 11 -4 -3 7 8 -6 9 3 -5 -8}
L11a298:{1 -10 2 -9 4 -7 3 -11} {10 -1 11 -2 5 -8 6 -4 7 -3 9 -6 8 -5}
L11n298:{1 -10 -2 11} {10 -1 -5 6 -7 9} {-11 2 -3 7 -8 5 -4 3 -9 8 -6 4}
L11a299:{1 -8 2 -9 4 -10 7 -11} {8 -1 3 -2 9 -6 5 -4 10 -7 11 -5 6 -3}
L11n299:{1 -10 2 -11} {10 -1 -5 6 -7 9} {11 -2 -3 7 -8 5 -4 3 -9 8 -6 4}
L11a300:{1 -4 2 -7 9 -10 8 -6} {4 -1 3 -2 6 -11 5 -9 10 -8 7 -5 11 -3}
L11n300:{1 -10 2 -11} {10 -1 -5 6 7 -9} {11 -2 3 -7 8 5 -4 -3 9 -8 -6 4}
L11a301:{1 -2 3 -4 5 -10 9 -11} {4 -1 2 -3 6 -8 7 -5 10 -9 11 -6 8 -7}
L11n301:{1 -10 -2 11} {10 -1 -7 6 -8 5} {-11 2 -3 9 -5 7 -6 8 -4 3 -9 4}
L11a302:{1 -2 3 -4 5 -10 9 -11} {4 -1 2 -3 6 -8 7 -5 10 -9 11 -7 8 -6}
L11n302:{1 -10 -2 11} {10 -1 -7 6 -8 5} {-11 2 3 -9 -5 7 -6 8 4 -3 9 -4}
L11a303:{1 -2 3 -11 4 -10 5 -9} {10 -1 2 -3 6 -7 11 -4 8 -5 9 -6 7 -8}
L11n303:{1 -10 2 -11} {10 -1 -7 6 -8 5} {11 -2 -3 9 -5 7 -6 8 -4 3 -9 4}
L11a304:{1 -2 3 -10 4 -11 8 -9} {9 -1 2 -3 6 -7 10 -4 11 -8 5 -6 7 -5}
L11n304:{1 -10 2 -11} {10 -1 -7 6 -8 5} {11 -2 3 -9 -5 7 -6 8 4 -3 9 -4}
L11a305:{1 -4 5 -9 8 -10 7 -3} {3 -1 2 -5 11 -6 9 -8 10 -7 6 -11 4 -2}
L11n305:{1 -10 2 -11} {10 -1 7 -6 8 -5} {11 -2 -3 9 5 -7 6 -8 -4 3 -9 4}
L11a306:{1 -2 3 -4 5 -10 9 -11} {4 -1 2 -3 7 -8 10 -5 6 -7 11 -9 8 -6}
L11n306:{1 -10 -2 11} {10 -1 -7 6 -8 9} {-11 2 -4 5 -3 7 -6 8 -9 4 -5 3}
L11a307:{1 -2 3 -4 5 -10 8 -11} {4 -1 2 -3 6 -7 10 -5 7 -9 11 -8 9 -6}
L11n307:{1 -10 -2 11} {10 -1 -3 5 -4 6} {-11 2 -7 9 -5 3 -8 7 -6 4 -9 8}
L11a308:{1 -2 3 -9 8 -4 5 -6} {4 -1 2 -3 7 -11 10 -8 9 -7 6 -5 11 -10}
L11n308:{1 -10 2 -11} {10 -1 -3 5 -4 6} {11 -2 -7 9 -5 3 -8 7 -6 4 -9 8}
L11a309:{1 -11 7 -9 8 -3 4 -5} {3 -1 2 -7 9 -10 6 -8 11 -2 5 -4 10 -6}
L11n309:{1 -10 2 -11} {10 -1 -3 5 -4 6} {11 -2 7 9 -5 3 8 -7 -6 4 -9 -8}
L11a310:{1 -4 2 -9 10 -6 7 -8} {4 -1 3 -2 6 -7 8 -11 5 -10 9 -5 11 -3}
L11n310:{1 -10 -2 11} {10 -1 -5 6 -7 8} {-11 2 -3 9 -8 5 -4 3 -9 7 -6 4}
L11a311:{1 -4 2 -7 6 -11 8 -10} {4 -1 3 -2 9 -8 10 -9 5 -6 7 -5 11 -3}
L11n311:{1 -10 2 -11} {10 -1 -5 6 -7 8} {11 -2 -3 9 -8 5 -4 3 -9 7 -6 4}
L11a312:{1 -2 3 -11 7 -10 6 -4} {4 -1 2 -3 5 -6 10 -9 8 -7 11 -8 9 -5}
L11n312:{1 -10 -2 11} {10 -1 -4 9 -3 8} {-11 2 -5 6 -7 4 -8 5 -6 3 -9 7}
L11a313:{1 -2 3 -11 4 -10 5 -7} {8 -1 2 -3 6 -5 9 -8 10 -4 11 -6 7 -9}
L11n313:{1 -10 2 -11} {10 -1 -4 9 -3 8} {11 -2 -5 6 -7 4 -8 5 -6 3 -9 7}
L11a314:{1 -11 6 -9 7 -8 5 -3} {4 -1 2 -6 9 -5 10 -4 8 -7 11 -2 3 -10}
L11n314:{1 -10 -2 11} {10 -1 -3 7 -4 8} {-5 2 -11 9 -7 3 -9 5 -6 4 -8 6}
L11a315:{1 -2 3 -9 10 -6 7 -8} {5 -1 2 -3 6 -7 8 -11 4 -10 9 -5 11 -4}
L11n315:{1 -10 2 -11} {10 -1 -3 7 -4 8} {-5 -2 11 9 -7 3 -9 5 -6 4 -8 6}
L11a316:{1 -2 3 -9 8 -4 5 -6} {4 -1 2 -3 7 -11 6 -5 10 -8 9 -7 11 -10}
L11n316:{1 -10 2 -11} {10 -1 -3 7 4 -8} {5 -2 11 9 -7 3 -9 -5 6 -4 8 -6}
L11a317:{1 -11 7 -9 8 -3 4 -5} {3 -1 2 -7 9 -10 5 -4 6 -8 11 -2 10 -6}
L11n317:{1 -10 2 -11} {10 -1 3 -7 -4 8} {-5 -2 11 -9 7 -3 9 5 -6 4 -8 6}
L11a318:{1 -2 3 -9 7 -8 6 -4} {4 -1 2 -3 5 -11 10 -6 8 -7 9 -5 11 -10}
L11n318:{1 -10 2 -11} {3 -1 -9 8 10 -7} {4 -2 7 -3 11 -6 5 9 -8 -4 6 -5}
L11a319:{1 -2 3 -9 7 -8 6 -4} {4 -1 2 -3 10 -11 5 -6 8 -7 9 -5 11 -10}
L11n319:{1 -10 2 -11} {3 -1 9 -8 10 -7} {-4 -2 7 -3 11 6 -5 -9 8 4 -6 5}
L11a320:{1 -2 3 -11 4 -10 5 -7} {10 -1 2 -3 6 -5 7 -6 8 -9 11 -4 9 -8}
L11n320:{1 4 -3 -7} {-2 -1 5 3 -6 9 -11 10} {-9 2 -4 -5 7 6 -8 11 -10 8}
L11a321:{1 -11 4 -10 3 -6 5 -9} {9 -1 2 -4 6 -5 11 -2 7 -8 10 -3 8 -7}
L11n321:{1 -4 -3 7} {-2 -1 5 3 -6 9 -11 10} {-9 2 4 -5 -7 6 -8 11 -10 8}
L11a322:{1 -4 3 -9 10 -11 5 -6} {6 -1 7 -3 2 -5 8 -7 4 -2 11 -10 9 -8}
L11n322:{1 -4 3 -7} {-2 -1 5 -3 -6 9 -11 10} {-9 2 4 -5 7 6 -8 11 -10 8}
L11a323:{1 -11 8 -6 5 -10 7 -3} {3 -1 2 -8 9 -7 10 -9 11 -2 4 -5 6 -4}
L11n323:{1 4 -3 -10} {-2 -1 5 3 -6 11 -7 9} {-9 2 -4 -5 10 6 -8 7 -11 8}
L11a324:{1 -2 3 -9 10 -5 6 -7} {4 -1 2 -3 5 -6 7 -4 8 -11 9 -10 11 -8}
L11n324:{1 -4 -3 10} {-2 -1 5 3 -6 11 -7 9} {-9 2 4 -5 -10 6 -8 7 -11 8}
L11a325:{1 -2 3 -7 6 -8 5 -11} {9 -1 2 -3 4 -5 10 -9 11 -4 7 -6 8 -10}
L11n325:{1 -4 3 -10} {-2 -1 5 -3 -6 11 -7 9} {-9 2 4 -5 10 6 -8 7 -11 8}
L11a326:{1 -11 2 -9 3 -7 8 -10} {4 -1 5 -2 9 -8 6 -4 10 -5 11 -3 7 -6}
L11n326:{1 4 -3 -11} {-2 -1 5 3 -7 10 -9 8} {-6 2 -4 -5 11 6 -8 7 -10 9}
L11a327:{1 -2 3 -10 11 -5 6 -7} {4 -1 2 -3 5 -6 7 -9 8 -4 10 -11 9 -8}
L11n327:{1 -4 -3 11} {-2 -1 5 3 -7 10 -9 8} {-6 2 4 -5 -11 6 -8 7 -10 9}
L11a328:{1 -11 2 -9 3 -7 8 -10} {4 -1 6 -2 9 -8 10 -6 11 -4 5 -3 7 -5}
L11n328:{1 -4 3 -11} {-2 -1 5 -3 -7 10 -9 8} {-6 2 4 -5 11 6 -8 7 -10 9}
L11a329:{1 -2 3 -11 4 -10 5 -8} {10 -1 2 -3 6 -9 7 -5 8 -6 11 -4 9 -7}
L11n329:{1 4 -3 -11} {-2 -1 5 3 -7 10 -8 9} {-6 2 -4 -5 11 6 -9 8 -10 7}
L11a330:{1 -10 2 -7 3 -4 6 -9} {4 -1 5 -2 7 -11 8 -6 9 -5 10 -3 11 -8}
L11n330:{1 -4 -3 11} {-2 -1 5 3 -7 10 -8 9} {-6 2 4 -5 -11 6 -9 8 -10 7}
L11a331:{1 -2 3 -11 4 -10 8 -9} {9 -1 2 -3 6 -7 10 -8 5 -6 11 -4 7 -5}
L11n331:{1 -4 3 -11} {-2 -1 5 -3 -7 10 -8 9} {-6 2 4 -5 11 6 -9 8 -10 7}
L11a332:{1 -2 3 -11 4 -10 7 -9} {9 -1 2 -3 5 -8 10 -7 8 -6 11 -4 6 -5}
L11n332:{1 4 -3 -11} {-5 -1 6 3 -9 10 -2 7} {-8 5 -7 2 -4 -6 11 8 -10 9}
L11a333:{1 -10 2 -8 3 -7 4 -5} {5 -1 6 -2 8 -11 7 -4 9 -6 10 -3 11 -9}
L11n333:{1 -4 -3 11} {-5 -1 6 3 -9 10 -2 7} {-8 5 -7 2 4 -6 -11 8 -10 9}
L11a334:{1 -9 3 -4 2 -11 6 -10} {9 -1 7 -8 10 -3 4 -6 8 -7 5 -2 11 -5}
L11n334:{1 -4 3 -11} {-5 -1 6 -3 -9 10 -2 7} {-8 5 -7 2 4 -6 11 8 -10 9}
L11a335:{1 -5 2 -8 9 -10 3 -4} {4 -1 7 -11 10 -2 5 -3 6 -7 8 -9 11 -6}
L11n335:{1 -4 3 -11} {-5 -1 6 -3 9 -10 -2 7} {8 5 -7 2 4 -6 11 -8 10 -9}
L11a336:{1 -5 3 -6 7 -9 10 -2} {2 -1 4 -11 9 -3 5 -10 11 -8 6 -7 8 -4}
L11n336:{1 -4 3 -11} {5 -1 6 -3 -9 10 2 -7} {-8 -5 7 -2 4 -6 11 8 -10 9}
L11a337:{1 -9 3 -4 2 -11 5 -10} {9 -1 7 -8 10 -3 4 -5 6 -7 8 -6 11 -2}
L11n337:{1 -10 2 -11} {10 -1 -4 5 11 -2 -3 9} {-5 4 -7 8 -9 3 -6 7 -8 6}
L11a338:{1 -2 3 -11 6 -10 7 -9} {10 -1 2 -5 4 -3 8 -7 9 -8 11 -4 5 -6}
L11n338:{1 -10 2 -11} {10 -1 -4 5 11 -2 -3 9} {-5 4 7 -8 -9 3 6 -7 8 -6}
L11a339:{1 -11 2 -9 3 -4 8 -10} {4 -1 5 -7 6 -2 9 -8 10 -5 7 -6 11 -3}
L11n339:{1 -10 2 -11} {10 -1 -4 5 11 -2 3 -9} {-5 4 -7 8 9 -3 -6 7 -8 6}
L11a340:{1 -11 2 -9 3 -4 8 -10} {4 -1 5 -7 6 -2 9 -8 10 -6 7 -5 11 -3}
L11n340:{1 -10 2 -11} {10 -1 -4 5 11 -2 3 -9} {-5 4 7 -8 9 -3 6 -7 8 -6}
L11a341:{1 -10 4 -5 3 -4 2 -11 5 -3} {10 -1 6 -9 8 -2 11 -6 7 -8 9 -7}
L11n341:{1 -10 2 -11} {10 -1 4 -5 11 -2 3 -9} {5 -4 -7 8 9 -3 -6 7 -8 6}
L11a342:{1 -10 4 -5 3 -4 2 -11 5 -3} {10 -1 6 -9 11 -2 7 -8 9 -6 8 -7}
L11n342:{1 -10 2 -11} {10 -1 -4 5 11 -2 -3 9} {-5 4 -6 8 -7 3 -9 6 -8 7}
L11a343:{1 -10 4 -5 3 -4 2 -11 5 -3} {10 -1 8 -9 6 -2 11 -6 7 -8 9 -7}
L11n343:{1 -10 2 -11} {10 -1 -4 5 11 -2 -3 9} {-5 4 -6 8 -7 3 -9 7 -8 6}
L11a344:{1 -10 4 -5 3 -4 2 -11 5 -3} {10 -1 6 -8 7 -9 11 -2 9 -6 8 -7}
L11n344:{1 -2 -3 7} {-4 -1 9 -10 11 3 -5 6} {-6 4 2 -9 8 -11 10 -8 -7 5}
L11a345:{1 -11 2 -10 9 -7 8 -2 10 -9} {11 -1 3 -6 5 -8 7 -3 4 -5 6 -4}
L11n345:{1 -10 2 -11} {10 -1 4 -7 8 -9 -3 6} {9 -2 11 -4 -5 3 -6 5 7 -8}
L11a346:{1 -11 2 -10 9 -6 7 -2 10 -9} {11 -1 3 -8 6 -7 4 -5 8 -3 5 -4}
L11n346:{1 -10 -2 11} {10 -1 -4 9 -6 7 -3 8} {-11 2 -7 6 -5 4 -8 3 -9 5}
L11a347:{1 -11 2 -10 9 -6 7 -2 10 -9} {11 -1 3 -5 4 -8 6 -7 8 -3 5 -4}
L11n347:{1 -10 -2 11} {10 -1 -4 9 6 -7 -3 8} {-11 2 7 -6 -5 4 -8 3 -9 5}
L11a348:{1 -5 7 -10 3 -11 6 -7 4 -2} {2 -1 9 -3 8 -6 5 -4 10 -8 11 -9}
L11n348:{1 -10 2 -11} {10 -1 -4 9 -6 7 -3 8} {11 -2 -7 6 -5 4 -8 3 -9 5}
L11a349:{1 -10 2 -8 3 -7 4 -2 5 -6} {6 -1 7 -3 9 -11 8 -4 10 -5 11 -9}
L11n349:{1 -10 2 -11} {10 -1 4 -9 -6 7 3 -8} {11 -2 -7 6 5 -4 8 -3 9 -5}
L11a350:{1 -10 2 -7 8 -6 5 -2 9 -11} {10 -1 3 -8 7 -9 11 -3 4 -5 6 -4}
L11n350:{1 -10 2 -11} {10 -1 -4 6 -5 8 -3 9} {-8 -2 11 5 -6 4 -7 3 -9 7}
L11a351:{1 -11 7 -9 3 -4 6 -7 2 -10} {4 -1 10 -3 5 -8 9 -2 11 -6 8 -5}
L11n351:{1 -10 -2 11} {10 -1 -4 7 -5 8 -3 9} {-11 2 -8 6 -7 4 -9 3 -6 5}
L11a352:{1 -11 2 -9 3 -8 4 -2 6 -7} {7 -1 5 -3 8 -5 10 -6 11 -4 9 -10}
L11n352:{1 -10 2 -11} {10 -1 -4 7 -5 8 -3 9} {11 -2 -8 6 -7 4 -9 3 -6 5}
L11a353:{1 -10 2 -8 3 -7 4 -2 9 -11} {10 -1 7 -6 5 -3 11 -9 8 -5 6 -4}
L11n353:{1 -11 5 -3} {-10 4 -8 9 -7 6 -9 8} {-4 -1 2 -5 -6 7 11 -2 3 10}
L11a354:{1 -2 3 -8 9 -6 5 -3 10 -11} {4 -1 2 -5 6 -4 7 -9 8 -10 11 -7}
L11n354:{1 -10 2 -11} {-5 4 -9 3 -7 6 -8 7} {10 -1 -4 5 11 -2 -3 8 -6 9}
L11a355:{1 -10 3 -7 4 -8 2 -9 5 -11} {10 -1 11 -3 7 -4 8 -2 6 -5 9 -6}
L11n355:{1 -10 2 -11} {-5 4 9 -3 7 -6 8 -7} {10 -1 -4 5 11 -2 3 -8 6 -9}
L11a356:{1 -10 3 -8 2 -9 5 -7 4 -11} {10 -1 11 -3 8 -2 6 -5 7 -4 9 -6}
L11n356:{1 -10 2 -11} {5 -4 -9 3 -7 6 -8 7} {10 -1 4 -5 11 -2 -3 8 -6 9}
L11a357:{1 -10 3 -8 7 -6 2 -9 4 -11} {10 -1 11 -3 6 -7 8 -2 5 -4 9 -5}
L11n357:{1 -10 2 -11} {-5 4 -6 3 -8 7 -9 6} {10 -1 -4 5 11 -2 -3 8 -7 9}
L11a358:{1 -10 2 -9 4 -7 5 -8 3 -11} {10 -1 11 -2 6 -4 7 -5 8 -3 9 -6}
L11n358:{1 -10 2 -11} {-5 4 -6 3 -9 8 -7 6} {10 -1 -4 5 11 -2 -3 7 -8 9}
L11a359:{1 -10 2 -9 4 -8 7 -6 3 -11} {10 -1 11 -2 5 -4 6 -7 8 -3 9 -5}
L11n359:{1 -10 2 -11} {-6 5 -4 3 -7 8 -9 7} {10 -1 -5 4 11 -2 -3 9 -8 6}
L11a360:{1 -7 2 -8 4 -9 5 -10 6 -11} {7 -1 3 -2 8 -4 9 -5 10 -6 11 -3}
L11n360:{1 -11 5 -3} {-8 4 -7 6 -10 9} {-4 -1 2 -5 -6 7 11 -2 3 8 -9 10}
L11a361:{1 -5 2 -6 4 -7 9 -10 8 -11} {5 -1 3 -2 6 -4 11 -9 10 -8 7 -3}
L11n361:{1 -11 5 -3} {-8 4 7 -6 -10 9} {-4 -1 2 -5 6 -7 11 -2 3 8 -9 10}
L11a362:{1 -4 2 -5 7 -9 8 -10 6 -11} {4 -1 3 -2 11 -7 9 -8 10 -6 5 -3}
L11n362:{1 -11 5 -3} {8 -4 -7 6 10 -9} {4 -1 2 -5 -6 7 11 -2 3 -8 9 -10}
L11a363:{1 -4 2 -5 7 -10 9 -8 6 -11} {4 -1 3 -2 11 -7 8 -9 10 -6 5 -3}
L11n363:{1 -11 5 -3} {-9 4 -7 6 -10 8} {-4 -1 2 -5 -6 7 11 -2 3 10 -8 9}
L11a364:{1 -2 3 -4 5 -9 7 -10 8 -11} {4 -1 2 -3 6 -5 9 -7 10 -8 11 -6}
L11n364:{1 -10 2 -11} {-6 5 -9 7 -8 4} {10 -1 3 6 -5 -2 11 -3 -7 8 -4 9}
L11a365:{1 -2 3 -11 4 -5 6 -9 8 -10} {5 -1 2 -3 11 -4 7 -6 9 -8 10 -7}
L11n365:{1 -10 2 -11} {-6 5 9 -7 8 -4} {10 -1 3 6 -5 -2 11 -3 7 -8 4 -9}
L11a366:{1 -11 2 -10 3 -4 5 -8 7 -9} {4 -1 10 -2 11 -3 6 -5 8 -7 9 -6}
L11n366:{1 -10 2 -11} {6 -5 -9 7 -8 4} {10 -1 3 -6 5 -2 11 -3 -7 8 -4 9}
L11a367:{1 -2 3 -10 4 -11 5 -6 7 -9} {6 -1 2 -3 10 -4 11 -5 8 -7 9 -8}
L11n367:{1 -10 2 -11} {-8 6 -5 4 -9 7} {10 -1 3 5 -6 -2 11 -3 -4 9 -7 8}
L11a368:{1 -2 3 -9 10 -11 4 -5 6 -8} {5 -1 2 -3 11 -10 9 -4 7 -6 8 -7}
L11n368:{1 -10 2 -11} {-6 5 -7 4 -8 7} {10 -1 -3 9 11 -2 -5 6 -9 3 -4 8}
L11a369:{1 -10 3 -7 2 -9 4 -8 6 -11} {10 -1 11 -3 7 -2 5 -6 8 -4 9 -5}
L11n369:{1 -10 2 -11} {6 -5 7 -4 8 -7} {10 -1 -3 9 11 -2 5 -6 -9 3 4 -8}
L11a370:{1 -9 3 -6 5 -4 2 -11 8 -10} {9 -1 10 -3 4 -5 6 -8 7 -2 11 -7}
L11n370:{1 -10 2 -11} {-6 5 -7 4 -8 7} {10 -1 3 -9 11 -2 -5 6 9 -3 -4 8}
L11a371:{1 -5 2 -6 4 -7 8 -11 9 -10} {5 -1 3 -2 6 -4 10 -9 11 -8 7 -3}
L11n371:{1 -10 -2 11} {-5 6 -8 7 -9 4} {10 -1 -3 9 -6 2 -11 8 -7 3 -4 5}
L11a372:{1 -2 3 -6 4 -11 9 -10 8 -5} {5 -1 2 -3 6 -4 7 -8 10 -9 11 -7}
L11n372:{1 -10 -2 11} {-7 3 -9 5 -8 4} {10 -1 -3 6 -5 2 -11 9 -6 7 -4 8}
L11a373:{1 -10 2 -9 4 -6 5 -8 3 -11} {10 -1 11 -2 7 -4 8 -3 9 -7 6 -5}
L11n373:{1 -10 -2 11} {-8 3 -9 5 -4 7} {10 -1 -3 6 -5 2 -11 9 -6 4 -7 8}
L11a374:{1 -2 3 -10 4 -11 5 -9 6 -8} {9 -1 2 -3 10 -4 7 -6 8 -7 11 -5}
L11n374:{1 -2 3 -6} {-9 8 -10 7 -11 10} {4 -1 -8 9 2 -4 5 -3 -7 11 6 -5}
L11a375:{1 -2 3 -11 7 -8 4 -10 5 -9} {10 -1 2 -3 6 -7 8 -5 9 -6 11 -4}
L11n375:{1 11 -5 -3} {-8 7 -9 6} {-4 -1 2 5 -10 4 -7 8 -11 -2 3 10 -6 9}
L11a376:{1 -11 2 -10 3 -9 4 -8 5 -7} {8 -1 10 -2 11 -3 6 -5 7 -6 9 -4}
L11n376:{1 11 -5 -3} {-8 7 9 -6} {-4 -1 2 5 -10 4 -7 8 -11 -2 3 10 6 -9}
L11a377:{1 -11 2 -8 6 -9 3 -4 7 -10} {4 -1 5 -2 8 -6 9 -7 10 -5 11 -3}
L11n377:{1 -11 -5 3} {-8 7 -9 6} {-4 -1 2 5 -10 4 -7 8 11 -2 -3 10 -6 9}
L11a378:{1 -2 3 -4 6 -8 5 -9 10 -11} {4 -1 2 -3 7 -5 8 -6 11 -10 9 -7}
L11n378:{1 -11 -5 3} {-8 7 9 -6} {-4 -1 2 5 -10 4 -7 8 11 -2 -3 10 6 -9}
L11a379:{1 -2 3 -9 5 -6 7 -10 11 -4} {6 -1 2 -3 4 -7 8 -5 9 -11 10 -8}
L11n379:{1 11 -5 -3} {8 -7 9 -6} {-4 -1 2 5 -10 4 7 -8 -11 -2 3 10 6 -9}
L11a380:{1 -2 3 -10 5 -6 7 -8 9 -11} {6 -1 2 -3 4 -9 8 -5 10 -4 11 -7}
L11n380:{1 -11 5 -3} {-8 7 -9 6} {-4 -1 2 -5 -10 4 -7 8 11 -2 3 10 -6 9}
L11a381:{1 -11 4 -8 5 -6 7 -9 10 -3} {6 -1 2 -4 8 -10 9 -5 11 -2 3 -7}
L11n381:{1 -11 5 -3} {-8 7 9 -6} {-4 -1 2 -5 -10 4 -7 8 11 -2 3 10 6 -9}
L11a382:{1 -2 3 -11 6 -7 4 -10 5 -9} {10 -1 2 -3 11 -4 8 -5 9 -6 7 -8}
L11n382:{1 -11 5 -3} {8 -7 9 -6} {-4 -1 2 -5 -10 4 7 -8 11 -2 3 10 6 -9}
L11a383:{1 -2 3 -9 8 -7 6 -11 10 -4} {4 -1 2 -3 5 -6 11 -10 9 -8 7 -5}
L11n383:{1 -11 5 -3} {-8 7 -9 6} {4 -1 2 -5 10 -4 -7 8 11 -2 3 -10 -6 9}
L11a384:{1 -10 3 -7 4 -9 2 -11 5 -6} {10 -1 8 -2 9 -3 6 -5 7 -4 11 -8}
L11n384:{1 -11 5 -3} {-8 7 9 -6} {4 -1 2 -5 10 -4 -7 8 11 -2 3 -10 6 -9}
L11a385:{1 -10 2 -11} {10 -1 9 -8} {11 -2 3 -6 5 -9 8 -3 7 -4 6 -5 4 -7}
L11n385:{1 11 -5 -3} {-9 8 -10 7} {-4 -1 2 5 -6 9 -8 4 -11 -2 3 6 -7 10}
L11a386:{1 -10 2 -11} {10 -1 3 -4} {11 -2 5 -9 4 -3 7 -8 9 -5 6 -7 8 -6}
L11n386:{1 -11 -5 3} {-9 8 -10 7} {-4 -1 2 5 -6 9 -8 4 11 -2 -3 6 -7 10}
L11a387:{1 -10 2 -11} {10 -1 3 -4} {11 -2 5 -9 4 -3 6 -8 7 -5 9 -6 8 -7}
L11n387:{1 -11 5 -3} {-10 8 -7 6} {-4 -1 2 -5 -8 9 -6 4 11 -2 3 10 -9 7}
L11a388:{1 -10 2 -11} {10 -1 3 -4} {11 -2 5 -9 4 -3 6 -8 7 -5 9 -7 8 -6}
L11n388:{1 -11 5 -3} {10 -8 7 -6} {-4 -1 2 -5 8 -9 6 4 11 -2 3 -10 9 -7}
L11a389:{1 -10 2 -11} {10 -1 8 -7} {11 -2 3 -9 6 -8 7 -6 4 -5 9 -3 5 -4}
L11n389:{1 11 -5 -3} {-8 7 -9 6} {-4 -1 2 5 -7 8 -10 4 -6 9 -11 -2 3 10}
L11a390:{1 -10 2 -11} {10 -1 3 -4} {11 -2 5 -8 6 -9 4 -3 9 -5 7 -6 8 -7}
L11n390:{1 11 -5 -3} {8 -7 9 -6} {-4 -1 2 5 7 -8 -10 4 6 -9 -11 -2 3 10}
L11a391:{1 -10 2 -11} {10 -1 3 -4} {11 -2 5 -8 7 -9 4 -3 6 -5 8 -7 9 -6}
L11n391:{1 -11 5 -3} {-8 7 -9 6} {-4 -1 2 -5 -7 8 -10 4 -6 9 11 -2 3 10}
L11a392:{1 -10 2 -11} {10 -1 3 -4} {11 -2 5 -7 8 -9 4 -3 6 -5 9 -8 7 -6}
L11n392:{1 -11 5 -3} {8 -7 9 -6} {-4 -1 2 -5 7 -8 -10 4 6 -9 11 -2 3 10}
L11a393:{1 -10 2 -11} {10 -1 9 -8} {11 -2 4 -6 5 -7 3 -9 8 -4 6 -5 7 -3}
L11n393:{1 -11 5 -3} {-8 7 -9 6} {4 -1 2 -5 -7 8 10 -4 -6 9 11 -2 3 -10}
L11a394:{1 -10 2 -11} {10 -1 9 -8} {11 -2 4 -7 6 -5 3 -9 8 -4 5 -6 7 -3}
L11n394:{1 11 -5 -3} {-10 8 -6 4} {-8 -1 2 5 -4 9 -7 10 -11 -2 3 6 -9 7}
L11a395:{1 -10 2 -11} {10 -1 3 -4} {11 -2 5 -9 7 -8 4 -3 8 -7 6 -5 9 -6}
L11n395:{1 -11 -5 3} {-10 8 -6 4} {-8 -1 2 5 -4 9 -7 10 11 -2 -3 6 -9 7}
L11a396:{1 -10 2 -11} {10 -1 8 -7} {11 -2 4 -5 3 -9 6 -8 7 -6 9 -4 5 -3}
L11n396:{1 -11 5 -3} {-10 8 -6 4} {-8 -1 2 -5 -4 9 -7 10 11 -2 3 6 -9 7}
L11a397:{1 -10 2 -11} {10 -1 7 -6} {11 -2 3 -9 4 -8 5 -7 6 -5 8 -4 9 -3}
L11n397:{1 -10 2 -11} {-7 6 -8 5} {10 -1 3 -9 4 -2 11 -3 -6 7 9 -4 -5 8}
L11a398:{1 -4 3 -10} {2 -1 5 -3 6 -11} {8 -2 4 -5 10 -9 7 -6 11 -8 9 -7}
L11n398:{1 -10 2 -11} {-5 4 -9 3} {10 -1 -4 5 11 -2 -7 8 -6 7 -3 9 -8 6}
L11a399:{1 -4 3 -6} {2 -1 5 -3 8 -9} {10 -2 4 -5 6 -10 11 -7 9 -8 7 -11}
L11n399:{1 -10 2 -11} {-5 4 9 -3} {10 -1 -4 5 11 -2 -7 8 -6 7 3 -9 -8 6}
L11a400:{1 -4 3 -9} {2 -1 5 -3 7 -8} {6 -2 4 -5 9 -11 10 -6 8 -7 11 -10}
L11n400:{1 -10 2 -11} {-5 4 -9 3} {10 -1 -4 5 11 -2 7 -8 6 -7 -3 9 8 -6}
L11a401:{1 -4 3 -7} {9 -1 5 -3 6 -8} {2 -9 11 -10 4 -5 7 -2 8 -11 10 -6}
L11n401:{1 -10 2 -11} {-5 4 9 -3} {10 -1 -4 5 11 -2 7 -8 6 -7 3 -9 8 -6}
L11a402:{1 -10 2 -11} {10 -1 4 -9 7 -5} {6 -2 11 -4 3 -7 8 -6 9 -3 5 -8}
L11n402:{1 -10 2 -11} {5 -4 9 -3} {10 -1 4 -5 11 -2 -7 8 -6 7 3 -9 -8 6}
L11a403:{1 -10 2 -11} {10 -1 4 -9 3 -8} {5 -2 11 -4 6 -3 7 -5 8 -6 9 -7}
L11n403:{1 -10 2 -11} {-5 4 -6 7} {10 -1 -4 5 11 -2 -3 9 -8 6 -7 3 -9 8}
L11a404:{1 -10 2 -11} {10 -1 5 -4 6 -3} {11 -2 3 -5 8 -9 4 -6 7 -8 9 -7}
L11n404:{1 -11 7 -5} {-10 8 -9 6} {-8 -1 2 -4 3 -7 -6 10 11 -2 4 -3 5 9}
L11a405:{1 -10 2 -11} {10 -1 5 -8 9 -3} {11 -2 3 -5 4 -7 6 -9 8 -4 7 -6}
L11n405:{1 -11 7 -5} {10 8 -9 -6} {-8 -1 2 -4 3 -7 6 -10 11 -2 4 -3 5 9}
L11a406:{1 -10 2 -11} {10 -1 5 -7 8 -3} {11 -2 3 -5 4 -9 6 -8 7 -6 9 -4}
L11n406:{1 -10 5 -3} {-8 6 -7 4} {-6 -1 2 -11 9 -5 -4 8 10 -9 11 -2 3 7}
L11a407:{1 -10 2 -11} {10 -1 5 -4 6 -9} {11 -2 3 -5 4 -8 7 -6 9 -7 8 -3}
L11n407:{1 -10 5 -3} {8 6 -7 -4} {-6 -1 2 -11 9 -5 4 -8 10 -9 11 -2 3 7}
L11a408:{1 -10 2 -11} {10 -1 4 -9 3 -8} {11 -2 7 -4 8 -6 5 -3 9 -5 6 -7}
L11n408:{1 -10 2 -11} {-6 5 -7 4} {10 -1 -3 9 -8 6 -5 -2 11 8 -9 3 -4 7}
L11a409:{1 -10 2 -11} {10 -1 4 -3 5 -6} {6 -2 11 -4 8 -9 3 -5 7 -8 9 -7}
L11n409:{1 -10 2 -11} {6 -5 7 -4} {10 -1 -3 9 -8 -6 5 -2 11 8 -9 3 4 -7}
L11a410:{1 -10 2 -11} {10 -1 4 -8 9 -5} {5 -2 11 -4 3 -7 6 -9 8 -3 7 -6}
L11n410:{1 -10 -2 11} {-5 4 -9 3} {10 -1 -4 8 -6 5 -11 2 -3 7 -8 6 -7 9}
L11a411:{1 -10 2 -11} {10 -1 4 -7 8 -5} {5 -2 11 -4 3 -9 6 -8 7 -6 9 -3}
L11n411:{1 -10 2 -11} {-5 4 -9 3} {10 -1 -4 8 -6 5 11 -2 -3 7 -8 6 -7 9}
L11a412:{1 -10 2 -11} {10 -1 5 -6 7 -9} {11 -2 3 -7 8 -5 4 -3 9 -8 6 -4}
L11n412:{1 -5 3 4 -2 -6} {5 -1 6 -3 -7 8} {-4 2 -9 11 -8 7 -10 9 -11 10}
L11a413:{1 -10 2 -11} {10 -1 7 -6 8 -5} {11 -2 3 -9 5 -7 6 -8 4 -3 9 -4}
L11n413:{1 -5 3 4 -2 -6} {5 -1 6 -3 -7 8} {-4 2 9 -11 -8 7 10 -9 11 -10}
L11a414:{1 -10 2 -11} {10 -1 7 -6 8 -9} {11 -2 4 -5 3 -7 6 -8 9 -4 5 -3}
L11n414:{1 -5 3 4 -2 -6} {5 -1 6 -3 7 -8} {-4 2 -9 11 8 -7 -10 9 -11 10}
L11a415:{1 -10 2 -11} {10 -1 4 -9 3 -8} {11 -2 6 -7 5 -4 8 -3 9 -6 7 -5}
L11n415:{1 -5 3 4 -2 -6} {5 -1 6 -3 7 -8} {-4 2 9 -11 8 -7 10 -9 11 -10}
L11a416:{1 -10 2 -11} {10 -1 6 -7 8 -4} {11 -2 3 -9 4 -6 5 -8 7 -5 9 -3}
L11n416:{1 -5 3 -4 2 -6} {5 -1 6 -3 7 -8} {4 -2 -9 11 8 -7 -10 9 -11 10}
L11a417:{1 -10 2 -11} {10 -1 6 -5 7 -8} {11 -2 3 -9 4 -6 5 -7 8 -4 9 -3}
L11n417:{1 -10 2 5 -4 -11} {10 -1 11 -2 -7 6} {-5 4 -3 9 -8 7 -6 3 -9 8}
L11a418:{1 -10 2 -11} {10 -1 4 -8 3 -7} {11 -2 5 -9 6 -4 7 -3 8 -6 9 -5}
L11n418:{1 -4 -3 10 -7 9} {-2 -1 5 3 -6 11} {-9 7 -8 2 4 -5 -10 6 -11 8}
L11a419:{1 -10 2 -11} {10 -1 6 -8 9 -7} {3 -2 11 -3 4 -6 5 -9 8 -5 7 -4}
L11n419:{1 -4 -3 10 -7 9} {2 -1 -5 3 6 -11} {-9 7 -8 -2 4 5 -10 -6 11 8}
L11a420:{1 -10 2 -11} {10 -1 7 -6 8 -9} {3 -2 11 -5 4 -7 6 -8 9 -3 5 -4}
L11n420:{1 4 -3 -10 7 -9} {-2 -1 5 3 -6 11} {9 -7 8 2 -4 -5 10 6 -11 -8}
L11a421:{1 -10 2 -11} {10 -1 3 -5 4 -6} {11 -2 7 -9 5 -3 8 -7 6 -4 9 -8}
L11n421:{1 4 -3 -10 7 -9} {2 -1 -5 3 6 -11} {9 -7 8 -2 -4 5 10 -6 11 -8}
L11a422:{1 -10 2 -11} {10 -1 5 -6 7 -8} {11 -2 3 -9 8 -5 4 -3 9 -7 6 -4}
L11n422:{1 -4 -3 10 7 -9} {2 -1 -5 3 6 -11} {9 -7 8 -2 4 5 -10 -6 11 -8}
L11a423:{1 -10 2 -11} {10 -1 4 -9 3 -8} {11 -2 5 -6 7 -4 8 -5 6 -3 9 -7}
L11n423:{1 -4 3 -10 -7 9} {2 -1 5 -3 6 -11} {-9 7 -8 -2 4 -5 10 -6 11 8}
L11a424:{1 -10 2 -11} {10 -1 3 -6 4 -7} {11 -2 8 -9 6 -3 9 -5 7 -4 5 -8}
L11n424:{1 -6 -4 5 -3 11} {-2 -1 7 4 -9 8} {-5 3 -10 2 6 -7 -11 10 -8 9}
L11a425:{1 -10 2 -11} {10 -1 3 -7 4 -8} {5 -2 11 -9 7 -3 9 -5 6 -4 8 -6}
L11n425:{1 6 -4 5 -3 -11} {2 -1 -7 4 -9 8} {-5 3 10 -2 -6 7 11 -10 -8 9}
L11a426:{1 -10 2 -11} {3 -1 9 -8 10 -7} {4 -2 7 -3 11 -6 5 -9 8 -4 6 -5}
L11n426:{1 6 -4 -5 3 -11} {2 -1 -7 4 9 -8} {5 -3 10 -2 -6 7 11 -10 8 -9}
L11a427:{1 -10 2 -11} {3 -1 4 -5 10 -7} {6 -2 7 -3 11 -6 8 -9 5 -4 9 -8}
L11n427:{1 4 -3 -10 9 -11} {-5 -1 6 3 -2 7} {10 -9 8 5 -7 2 -4 -6 11 -8}
L11a428:{1 -10 2 -11} {3 -1 4 -5 10 -6} {8 -2 6 -3 11 -7 9 -8 5 -4 7 -9}
L11n428:{1 -11 -7 10 -3 9} {5 -1 -2 7 8 -4} {4 3 -9 -5 6 -8 -10 2 11 -6}
L11a429:{1 -10 2 -11} {5 -1 9 -8 10 -6} {3 -2 4 -5 6 -4 11 -3 7 -9 8 -7}
L11n429:{1 -11 -7 10 3 -9} {5 -1 -2 7 8 -4} {4 -3 9 -5 6 -8 -10 2 11 -6}
L11a430:{1 -4 3 -7} {2 -1 5 -3 6 -9 11 -10} {9 -2 4 -5 7 -6 8 -11 10 -8}
L11n430:{1 11 -7 -10 3 -9} {5 -1 -2 7 8 -4} {4 -3 9 -5 6 -8 10 2 -11 -6}
L11a431:{1 -4 3 -10} {2 -1 5 -3 6 -11 7 -9} {9 -2 4 -5 10 -6 8 -7 11 -8}
L11n431:{1 -11 7 -10 -3 9} {5 -1 2 -7 8 -4} {4 3 -9 -5 6 -8 10 -2 11 -6}
L11a432:{1 -4 3 -11} {2 -1 5 -3 7 -10 9 -8} {6 -2 4 -5 11 -6 8 -7 10 -9}
L11n432:{1 -4 2 11 -8 -6} {4 -1 5 10 -9 -3} {3 -2 -7 8 -10 9 -11 7 6 -5}
L11a433:{1 -4 3 -11} {2 -1 5 -3 7 -10 8 -9} {6 -2 4 -5 11 -6 9 -8 10 -7}
L11n433:{1 -4 2 11 -8 -6} {4 -1 5 10 -9 -3} {3 -2 7 8 -10 9 -11 -7 6 -5}
L11a434:{1 -4 3 -11} {5 -1 6 -3 9 -10 2 -7} {8 -5 7 -2 4 -6 11 -8 10 -9}
L11n434:{1 -4 2 11 -8 -6} {4 -1 5 -10 9 -3} {3 -2 -7 8 10 -9 -11 7 6 -5}
L11a435:{1 -10 2 -11} {10 -1 4 -5 11 -2 3 -9} {5 -4 7 -8 9 -3 6 -7 8 -6}
L11n435:{1 -4 2 -11 8 -6} {4 -1 5 10 -9 -3} {3 -2 7 -8 -10 9 11 -7 6 -5}
L11a436:{1 -10 2 -11} {10 -1 4 -5 11 -2 3 -9} {5 -4 6 -8 7 -3 9 -6 8 -7}
L11n436:{1 -7 -5 6 -3 -11} {2 -1 8 4 -6 9} {-9 5 -4 3 -10 -2 7 -8 11 10}
L11a437:{1 -10 2 -11} {10 -1 4 -5 11 -2 3 -9} {5 -4 6 -8 7 -3 9 -7 8 -6}
L11n437:{1 -9 2 -10 -7 11} {9 -1 -4 5 10 -2 -3 6} {-11 7 -8 4 -6 3 -5 8}
L11a438:{1 -2 3 -7} {4 -1 9 -10 11 -3 5 -6} {6 -4 2 -9 8 -11 10 -8 7 -5}
L11n438:{1 -2 -4 5} {2 -1 -6 7} {-5 4 -3 11} {-7 6 -9 10 -11 3 -8 9 -10 8}
L11a439:{1 -4 3 -11} {2 -1 8 -7 6 -3 9 -10} {10 -2 4 -6 5 -8 7 -5 11 -9}
L11n439:{1 -2 -4 5} {2 -1 -6 7} {-5 4 -3 11} {-7 6 9 -10 -11 3 8 -9 10 -8}
L11a440:{1 -10 2 -11} {10 -1 5 -4 6 -9 8 -3} {11 -2 3 -5 4 -6 7 -8 9 -7}
L11n440:{1 -2 -4 5} {2 -1 -6 7} {-5 4 3 -11} {-7 6 -9 10 11 -3 -8 9 -10 8}
L11a441:{1 -10 2 -11} {10 -1 5 -6 8 -9 7 -3} {11 -2 3 -5 4 -8 9 -7 6 -4}
L11n441:{1 -2 4 -5} {2 -1 6 -7} {5 -4 3 -11} {7 -6 -9 10 11 -3 -8 9 -10 8}
L11a442:{1 -10 2 -11} {10 -1 5 -4 6 -8 7 -9} {11 -2 3 -5 4 -6 8 -7 9 -3}
L11n442:{1 -2 -4 5} {2 -1 -6 7} {-5 4 -3 10 -8 11} {-7 6 -11 3 -9 8 -10 9}
L11a443:{1 -10 2 -11} {10 -1 5 -4 6 -7 8 -9} {11 -2 3 -5 4 -6 9 -8 7 -3}
L11n443:{1 -2 -4 5} {2 -1 -6 7} {-5 4 3 -10 8 -11} {-7 6 11 -3 9 -8 10 -9}
L11a444:{1 -10 2 -11} {10 -1 4 -9 5 -6 3 -8} {11 -2 7 -4 8 -5 6 -3 9 -7}
L11n444:{1 -2 4 -5} {2 -1 6 -7} {5 -4 -3 10 -8 11} {7 -6 -11 3 -9 8 -10 9}
L11a445:{1 -10 2 -11} {10 -1 4 -8 3 -7 5 -9} {8 -2 11 -4 9 -3 6 -5 7 -6}
L11n445:{1 -10 -2 11} {10 -1 -3 4} {-9 5 -6 8 -7 6} {-11 2 -5 9 -4 3 -8 7}
L11a446:{1 -10 2 -11} {10 -1 4 -7 3 -8 6 -9} {7 -2 11 -4 5 -3 8 -6 9 -5}
L11n446:{1 -10 -2 11} {10 -1 -3 4} {9 -5 6 -8 7 -6} {-11 2 5 -9 -4 3 8 -7}
L11a447:{1 -10 2 -11} {10 -1 4 -3 5 -6 7 -9} {6 -2 11 -4 3 -5 8 -7 9 -8}
L11n447:{1 -10 2 -11} {10 -1 3 -4} {-9 5 -6 8 -7 6} {11 -2 -5 9 4 -3 -8 7}
L11a448:{1 -10 2 -11} {10 -1 4 -3 5 -9 8 -6} {6 -2 11 -4 3 -5 7 -8 9 -7}
L11n448:{1 -10 2 -11} {10 -1 7 -6} {-5 3 -9 8} {11 -2 4 5 -3 -7 6 -4 -8 9}
L11a449:{1 -10 2 -11} {10 -1 4 -6 8 -9 7 -5} {5 -2 11 -4 3 -8 9 -7 6 -3}
L11n449:{1 -10 2 -11} {10 -1 7 -6} {-5 3 9 -8} {11 -2 4 5 -3 -7 6 -4 8 -9}
L11a450:{1 -10 2 -11} {10 -1 4 -8 9 -5 6 -7} {5 -2 11 -4 3 -9 8 -3 7 -6}
L11n450:{1 -10 -2 11} {10 -1 -8 7} {-9 3 -5 4} {-11 2 -3 6 -4 8 -7 9 -6 5}
L11a451:{1 -10 2 -11} {10 -1 4 -9 3 -8 5 -7} {11 -2 6 -4 7 -5 8 -3 9 -6}
L11n451:{1 -10 -2 11} {10 -1 -8 7} {9 -3 5 -4} {-11 2 3 -6 4 8 -7 -9 6 -5}
L11a452:{1 -10 2 -11} {10 -1 4 -6 7 -9 8 -5} {5 -2 11 -4 3 -8 9 -7 6 -3}
L11n452:{1 -10 2 -11} {10 -1 8 -7} {-9 3 -5 4} {11 -2 -3 6 -4 -8 7 9 -6 5}
L11a453:{1 -10 2 -11} {10 -1 4 -7 8 -9 3 -6} {9 -2 11 -4 5 -3 6 -5 7 -8}
L11n453:{1 4 -3 -11} {-10 2 -8 7} {-2 -1 5 3 -9 10} {-4 -5 11 9 -6 8 -7 6}
L11a454:{1 -10 2 -11} {10 -1 4 -9 6 -7 3 -8} {11 -2 7 -6 5 -4 8 -3 9 -5}
L11n454:{1 -4 -3 11} {-10 2 -8 7} {-2 -1 5 3 -9 10} {4 -5 -11 9 -6 8 -7 6}
L11a455:{1 -10 2 -11} {10 -1 4 -6 5 -9 3 -8} {11 -2 7 -5 6 -4 8 -3 9 -7}
L11n455:{1 -4 3 -11} {2 -1 -5 6 4 -7} {-10 -3 7 -2 11 9} {-6 5 -8 10 -9 8}
L11a456:{1 -10 2 -11} {10 -1 4 -6 5 -8 3 -9} {8 -2 11 -5 6 -4 7 -3 9 -7}
L11n456:{1 -10 2 -11} {-7 4 -6 5} {10 -1 -9 8 -4 7} {11 -2 -5 6 -3 9 -8 3}
L11a457:{1 -10 2 -11} {10 -1 4 -7 5 -8 3 -9} {11 -2 8 -6 7 -4 9 -3 6 -5}
L11n457:{1 -10 2 -11} {7 -4 6 -5} {10 -1 -9 8 4 -7} {11 -2 5 -6 -3 9 -8 3}
L11a458:{1 -10 2 -11} {3 -1 5 -7 4 -9 10 -8} {7 -2 8 -3 11 -5 6 -4 9 -6}
L11n458:{1 -10 -2 11} {-4 3 -6 5} {10 -1 -3 9 -8 4} {-11 2 -5 7 -9 8 -7 6}
L11a459:{1 -10 2 -11} {3 -1 6 -8 9 -7 10 -4} {7 -2 4 -3 11 -6 5 -9 8 -5}
L11n459:{1 -10 2 -11} {-4 3 -6 5} {10 -1 -3 9 -8 4} {11 -2 -5 7 -9 8 -7 6}
L11a460:{1 -10 2 -11} {7 -1 4 -5 3 -9 10 -8} {5 -2 6 -7 8 -6 11 -4 9 -3}
L11a461:{1 -10 2 -11} {4 -1 7 -6 8 -9 10 -5} {9 -2 3 -4 5 -3 11 -7 6 -8}
L11a462:{1 -10 2 -11} {3 -1 8 -7 9 -6 10 -5} {4 -2 5 -3 11 -4 6 -8 7 -9}
L11a463:{1 -10 2 -11} {6 -1 4 -3 10 -9 7 -8} {3 -2 5 -6 8 -7 9 -5 11 -4}
L11a464:{1 -11 5 -3} {10 -4 8 -9 7 -6 9 -8} {4 -1 2 -5 6 -7 11 -2 3 -10}
L11a465:{1 -10 2 -11} {6 -5 7 -8 9 -4 8 -7} {10 -1 3 -6 5 -2 11 -3 4 -9}
L11a466:{1 -10 2 -11} {6 -5 9 -4 8 -7 4 -9} {10 -1 3 -6 5 -2 11 -8 7 -3}
L11a467:{1 -10 2 -11} {5 -4 9 -3 7 -6 8 -7} {10 -1 4 -5 11 -2 3 -8 6 -9}
L11a468:{1 -10 2 -11} {5 -4 6 -3 8 -7 9 -6} {10 -1 4 -5 11 -2 3 -8 7 -9}
L11a469:{1 -10 2 -11} {5 -4 6 -3 9 -8 7 -6} {10 -1 4 -5 11 -2 3 -7 8 -9}
L11a470:{1 -10 2 -11} {6 -5 4 -3 7 -8 9 -7} {10 -1 5 -4 11 -2 3 -9 8 -6}
L11a471:{1 -11 5 -3} {8 -4 7 -6 10 -9} {4 -1 2 -5 6 -7 11 -2 3 -8 9 -10}
L11a472:{1 -11 5 -3} {9 -4 7 -6 10 -8} {4 -1 2 -5 6 -7 11 -2 3 -10 8 -9}
L11a473:{1 -10 2 -11} {6 -5 9 -7 8 -4} {10 -1 3 -6 5 -2 11 -3 7 -8 4 -9}
L11a474:{1 -10 2 -11} {8 -6 5 -4 9 -7} {10 -1 3 -5 6 -2 11 -3 4 -9 7 -8}
L11a475:{1 -10 2 -11} {6 -5 7 -4 8 -7} {10 -1 3 -9 11 -2 5 -6 9 -3 4 -8}
L11a476:{1 -10 2 -11} {5 -6 8 -7 9 -4} {10 -1 3 -9 6 -2 11 -8 7 -3 4 -5}
L11a477:{1 -10 2 -11} {9 -4 7 -6 8 -5} {10 -1 3 -9 4 -2 11 -7 6 -8 5 -3}
L11a478:{1 -10 2 -11} {9 -4 6 -7 8 -5} {10 -1 3 -9 4 -2 11 -8 7 -6 5 -3}
L11a479:{1 -10 2 -11} {7 -3 9 -5 8 -4} {10 -1 3 -6 5 -2 11 -9 6 -7 4 -8}
L11a480:{1 -10 2 -11} {8 -3 9 -5 4 -7} {10 -1 3 -6 5 -2 11 -9 6 -4 7 -8}
L11a481:{1 -10 2 -11} {6 -5 7 -4 8 -7} {10 -1 3 -6 5 -9 11 -2 9 -3 4 -8}
L11a482:{1 -2 3 -6} {9 -8 10 -7 11 -10} {4 -1 8 -9 2 -4 5 -3 7 -11 6 -5}
L11a483:{1 -11 5 -3} {8 -7 9 -6} {4 -1 2 -5 10 -4 7 -8 11 -2 3 -10 6 -9}
L11a484:{1 -11 5 -3} {9 -8 10 -7} {4 -1 2 -5 6 -9 8 -4 11 -2 3 -6 7 -10}
L11a485:{1 -11 5 -3} {10 -8 7 -6} {4 -1 2 -5 8 -9 6 -4 11 -2 3 -10 9 -7}
L11a486:{1 -11 5 -3} {8 -7 9 -6} {4 -1 2 -5 7 -8 10 -4 6 -9 11 -2 3 -10}
L11a487:{1 -11 5 -3} {10 -8 6 -4} {8 -1 2 -5 4 -9 7 -10 11 -2 3 -6 9 -7}
L11a488:{1 -10 2 -11} {7 -6 8 -5} {10 -1 3 -9 4 -2 11 -3 6 -7 9 -4 5 -8}
L11a489:{1 -10 2 -11} {7 -3 8 -9} {10 -1 4 -5 11 -2 6 -7 3 -4 5 -8 9 -6}
L11a490:{1 -10 2 -11} {5 -4 9 -3} {10 -1 4 -5 11 -2 7 -8 6 -7 3 -9 8 -6}
L11a491:{1 -10 2 -11} {5 -4 6 -7} {10 -1 4 -5 11 -2 3 -9 8 -6 7 -3 9 -8}
L11a492:{1 -11 8 -6} {5 -4 10 -3} {7 -1 2 -5 4 -8 9 -7 11 -2 3 -10 6 -9}
L11a493:{1 -10 5 -3} {11 -7 9 -8} {4 -1 2 -11 7 -5 6 -4 10 -9 8 -2 3 -6}
L11a494:{1 -11 7 -5} {10 -8 9 -6} {8 -1 2 -4 3 -7 6 -10 11 -2 4 -3 5 -9}
L11a495:{1 -10 5 -3} {8 -6 7 -4} {6 -1 2 -11 9 -5 4 -8 10 -9 11 -2 3 -7}
L11a496:{1 -10 2 -11} {8 -7 9 -6} {10 -1 3 -5 4 -8 7 -2 11 -3 5 -4 6 -9}
L11a497:{1 -10 2 -11} {6 -4 8 -9} {10 -1 3 -7 5 -6 4 -2 11 -3 7 -8 9 -5}
L11a498:{1 -10 2 -11} {8 -7 9 -6} {10 -1 4 -8 7 -5 11 -2 3 -4 5 -9 6 -3}
L11a499:{1 -10 2 -11} {6 -5 7 -4} {10 -1 3 -9 8 -6 5 -2 11 -8 9 -3 4 -7}
L11a500:{1 -10 2 -11} {5 -4 9 -3} {10 -1 4 -8 6 -5 11 -2 3 -7 8 -6 7 -9}
L11a501:{1 -5 3 -4 2 -6} {5 -1 6 -3 7 -8} {4 -2 9 -11 8 -7 10 -9 11 -10}
L11a502:{1 -10 2 -5 4 -11} {10 -1 11 -2 7 -6} {5 -4 3 -9 8 -7 6 -3 9 -8}
L11a503:{1 -2 3 -11 4 -10} {10 -1 2 -3 5 -6} {11 -4 7 -9 6 -5 8 -7 9 -8}
L11a504:{1 -2 3 -11 4 -10} {10 -1 2 -3 9 -8} {11 -4 6 -7 5 -9 8 -6 7 -5}
L11a505:{1 -4 3 -10 7 -9} {2 -1 5 -3 6 -11} {9 -7 8 -2 4 -5 10 -6 11 -8}
L11a506:{1 -6 4 -5 3 -11} {2 -1 7 -4 9 -8} {5 -3 10 -2 6 -7 11 -10 8 -9}
L11a507:{1 -4 3 -10 9 -11} {5 -1 6 -3 2 -7} {10 -9 8 -5 7 -2 4 -6 11 -8}
L11a508:{1 -4 3 -8 9 -11} {5 -1 6 -3 2 -7} {11 -9 10 -5 7 -2 4 -6 8 -10}
L11a509:{1 -11 7 -10 3 -9} {5 -1 2 -7 8 -4} {4 -3 9 -5 6 -8 10 -2 11 -6}
L11a510:{1 -9 2 -10 8 -11} {9 -1 5 -4 6 -7} {10 -2 3 -8 11 -5 4 -6 7 -3}
L11a511:{1 -9 2 -10 8 -11} {9 -1 4 -7 3 -6} {10 -2 5 -8 11 -4 6 -3 7 -5}
L11a512:{1 -10 4 -5 2 -11} {10 -1 8 -7 9 -6} {5 -4 3 -2 6 -8 7 -9 11 -3}
L11a513:{1 -10 3 -4 2 -11} {10 -1 7 -6 8 -9} {11 -3 4 -2 5 -7 6 -8 9 -5}
L11a514:{1 -10 3 -6 2 -11} {10 -1 5 -9 4 -8} {11 -3 6 -2 7 -5 8 -4 9 -7}
L11a515:{1 -9 2 -10 8 -11} {9 -1 4 -6 3 -7} {6 -2 10 -8 11 -4 5 -3 7 -5}
L11a516:{1 -8 6 -7 2 -11} {8 -1 3 -4 9 -10} {10 -6 5 -2 4 -3 11 -5 7 -9}
L11a517:{1 -4 2 -11 8 -6} {4 -1 5 -10 9 -3} {3 -2 7 -8 10 -9 11 -7 6 -5}
L11a518:{1 -9 2 -10 8 -11} {9 -1 3 -6 4 -5} {7 -2 10 -8 11 -7 5 -4 6 -3}
L11a519:{1 -7 8 -9 2 -11} {9 -1 4 -5 6 -10} {7 -8 10 -2 11 -4 3 -6 5 -3}
L11a520:{1 -7 5 -6 3 -11} {2 -1 8 -4 6 -9} {9 -5 4 -3 10 -2 7 -8 11 -10}
L11a521:{1 -9 2 -10 8 -11} {6 -1 4 -3 9 -7} {3 -2 10 -8 5 -6 7 -5 11 -4}
L11a522:{1 -10 2 -11 3 -9} {4 -1 7 -6 10 -5} {6 -2 8 -3 9 -4 5 -8 11 -7}
L11a523:{1 -9 2 -10 8 -11} {3 -1 4 -5 9 -7} {6 -2 10 -8 7 -3 11 -6 5 -4}
L11a524:{1 -10 11 -6 7 -5} {3 -1 2 -8 6 -9} {10 -11 8 -7 4 -3 9 -4 5 -2}
L11a525:{1 -9 2 -10 8 -11} {9 -1 5 -6 7 -3} {10 -2 3 -5 11 -8 4 -7 6 -4}
L11a526:{1 -7 2 -10 11 -9} {7 -1 5 -4 6 -3} {9 -2 3 -5 8 -11 10 -6 4 -8}
L11a527:{1 -9 2 -10 7 -11} {9 -1 5 -4 6 -3} {10 -2 3 -5 8 -7 11 -8 4 -6}
L11a528:{1 -9 2 -10 8 -11} {9 -1 7 -6 4 -5} {10 -2 5 -4 3 -8 11 -7 6 -3}
L11a529:{1 -10 2 -9 6 -11} {4 -1 7 -8 9 -3} {3 -2 10 -4 5 -6 8 -7 11 -5}
L11a530:{1 -9 2 -10 7 -11} {9 -1 4 -5 10 -2 3 -6} {11 -7 8 -4 6 -3 5 -8}
L11a531:{1 -2 4 -5} {2 -1 6 -7} {5 -4 3 -11} {7 -6 9 -10 11 -3 8 -9 10 -8}
L11a532:{1 -2 4 -5} {2 -1 6 -7} {5 -4 3 -11} {7 -6 8 -10 9 -3 11 -8 10 -9}
L11a533:{1 -2 4 -5} {2 -1 6 -7} {5 -4 3 -11} {7 -6 8 -10 9 -3 11 -9 10 -8}
L11a534:{1 -2 4 -5} {2 -1 6 -7} {5 -4 3 -10 8 -11} {7 -6 11 -3 9 -8 10 -9}
L11a535:{1 -2 4 -5} {2 -1 6 -7} {5 -4 3 -10 9 -11} {7 -6 8 -3 10 -9 11 -8}
L11a536:{1 -2 4 -5} {2 -1 6 -7} {5 -4 3 -9 10 -11} {7 -6 8 -3 11 -10 9 -8}
L11a537:{1 -2 4 -5} {2 -1 7 -6} {5 -4 3 -11 10 -8} {8 -7 6 -3 9 -10 11 -9}
L11a538:{1 -10 2 -11} {10 -1 3 -4} {9 -5 6 -8 7 -6} {11 -2 5 -9 4 -3 8 -7}
L11a539:{1 -10 2 -11} {10 -1 7 -6} {5 -3 9 -8} {11 -2 4 -5 3 -7 6 -4 8 -9}
L11a540:{1 -10 2 -11} {10 -1 5 -4} {8 -7 9 -6} {11 -2 3 -8 7 -5 4 -9 6 -3}
L11a541:{1 -10 2 -11} {10 -1 8 -7} {9 -3 5 -4} {11 -2 3 -6 4 -8 7 -9 6 -5}
L11a542:{1 -4 3 -11} {10 -2 8 -7} {2 -1 5 -3 9 -10} {4 -5 11 -9 6 -8 7 -6}
L11a543:{1 -10 2 -11} {10 -1 5 -4 6 -3} {11 -2 3 -5 9 -8} {4 -6 7 -9 8 -7}
L11a544:{1 -10 2 -11} {10 -1 4 -3 5 -6} {6 -2 11 -4 9 -8} {3 -5 7 -9 8 -7}
L11a545:{1 -4 3 -11} {2 -1 5 -6 4 -7} {10 -3 7 -2 11 -9} {6 -5 8 -10 9 -8}
L11a546:{1 -10 2 -11} {7 -4 6 -5} {10 -1 9 -8 4 -7} {11 -2 5 -6 3 -9 8 -3}
L11a547:{1 -10 2 -11} {4 -3 6 -5} {10 -1 3 -9 8 -4} {11 -2 5 -7 9 -8 7 -6}
L11a548:{1 -2 4 -5} {2 -1 6 -7} {5 -4 3 -11} {7 -6 10 -9} {11 -3 8 -10 9 -8}
